0 0 1
1 0 0.0 0 
0 1 0 0.0
0 0 1 0 
0.0 0.0 0.0 1.0
1 1 2
1 0 0.0 1 
0 1 0 0.0
0 0 1 1 
0.0 0.0 0.0 1.0
2 2 3
1 0 0.0 2 
0 1 0 0.0
0 0 1 2 
0.0 0.0 0.0 1.0
3 3 4
1 0 0.0 3 
0 1 0 0.0
0 0 1 3 
0.0 0.0 0.0 1.0
4 4 5
1 0 0.0 4 
0 1 0 0.0
0 0 1 4 
0.0 0.0 0.0 1.0
5 5 6
1 0 0.0 5 
0 1 0 0.0
0 0 1 5 
0.0 0.0 0.0 1.0
6 6 7
1 0 0.0 6 
0 1 0 0.0
0 0 1 6 
0.0 0.0 0.0 1.0
7 7 8
1 0 0.0 7 
0 1 0 0.0
0 0 1 7 
0.0 0.0 0.0 1.0
8 8 9
1 0 0.0 8 
0 1 0 0.0
0 0 1 8 
0.0 0.0 0.0 1.0
9 9 10
1 0 0.0 9 
0 1 0 0.0
0 0 1 9 
0.0 0.0 0.0 1.0
10 10 11
1 0 0.0 10 
0 1 0 0.0
0 0 1 10 
0.0 0.0 0.0 1.0
11 11 12
1 0 0.0 11 
0 1 0 0.0
0 0 1 11 
0.0 0.0 0.0 1.0
12 12 13
1 0 0.0 12 
0 1 0 0.0
0 0 1 12 
0.0 0.0 0.0 1.0
13 13 14
1 0 0.0 13 
0 1 0 0.0
0 0 1 13 
0.0 0.0 0.0 1.0
14 14 15
1 0 0.0 14 
0 1 0 0.0
0 0 1 14 
0.0 0.0 0.0 1.0
15 15 16
1 0 0.0 15 
0 1 0 0.0
0 0 1 15 
0.0 0.0 0.0 1.0
16 16 17
1 0 0.0 16 
0 1 0 0.0
0 0 1 16 
0.0 0.0 0.0 1.0
17 17 18
1 0 0.0 17 
0 1 0 0.0
0 0 1 17 
0.0 0.0 0.0 1.0
18 18 19
1 0 0.0 18 
0 1 0 0.0
0 0 1 18 
0.0 0.0 0.0 1.0
19 19 20
1 0 0.0 19 
0 1 0 0.0
0 0 1 19 
0.0 0.0 0.0 1.0
20 20 21
1 0 0.0 20 
0 1 0 0.0
0 0 1 20 
0.0 0.0 0.0 1.0
21 21 22
1 0 0.0 21 
0 1 0 0.0
0 0 1 21 
0.0 0.0 0.0 1.0
22 22 23
1 0 0.0 22 
0 1 0 0.0
0 0 1 22 
0.0 0.0 0.0 1.0
23 23 24
1 0 0.0 23 
0 1 0 0.0
0 0 1 23 
0.0 0.0 0.0 1.0
24 24 25
1 0 0.0 24 
0 1 0 0.0
0 0 1 24 
0.0 0.0 0.0 1.0
25 25 26
1 0 0.0 25 
0 1 0 0.0
0 0 1 25 
0.0 0.0 0.0 1.0
26 26 27
1 0 0.0 26 
0 1 0 0.0
0 0 1 26 
0.0 0.0 0.0 1.0
27 27 28
1 0 0.0 27 
0 1 0 0.0
0 0 1 27 
0.0 0.0 0.0 1.0
28 28 29
1 0 0.0 28 
0 1 0 0.0
0 0 1 28 
0.0 0.0 0.0 1.0
29 29 30
1 0 0.0 29 
0 1 0 0.0
0 0 1 29 
0.0 0.0 0.0 1.0
30 30 31
1 0 0.0 30 
0 1 0 0.0
0 0 1 30 
0.0 0.0 0.0 1.0
31 31 32
1 0 0.0 31 
0 1 0 0.0
0 0 1 31 
0.0 0.0 0.0 1.0
32 32 33
1 0 0.0 32 
0 1 0 0.0
0 0 1 32 
0.0 0.0 0.0 1.0
33 33 34
1 0 0.0 33 
0 1 0 0.0
0 0 1 33 
0.0 0.0 0.0 1.0
34 34 35
1 0 0.0 34 
0 1 0 0.0
0 0 1 34 
0.0 0.0 0.0 1.0
35 35 36
1 0 0.0 35 
0 1 0 0.0
0 0 1 35 
0.0 0.0 0.0 1.0
36 36 37
1 0 0.0 36 
0 1 0 0.0
0 0 1 36 
0.0 0.0 0.0 1.0
37 37 38
1 0 0.0 37 
0 1 0 0.0
0 0 1 37 
0.0 0.0 0.0 1.0
38 38 39
1 0 0.0 38 
0 1 0 0.0
0 0 1 38 
0.0 0.0 0.0 1.0
39 39 40
1 0 0.0 39 
0 1 0 0.0
0 0 1 39 
0.0 0.0 0.0 1.0
40 40 41
1 0 0.0 40 
0 1 0 0.0
0 0 1 40 
0.0 0.0 0.0 1.0
41 41 42
1 0 0.0 41 
0 1 0 0.0
0 0 1 41 
0.0 0.0 0.0 1.0
42 42 43
1 0 0.0 42 
0 1 0 0.0
0 0 1 42 
0.0 0.0 0.0 1.0
43 43 44
1 0 0.0 43 
0 1 0 0.0
0 0 1 43 
0.0 0.0 0.0 1.0
44 44 45
1 0 0.0 44 
0 1 0 0.0
0 0 1 44 
0.0 0.0 0.0 1.0
45 45 46
1 0 0.0 45 
0 1 0 0.0
0 0 1 45 
0.0 0.0 0.0 1.0
46 46 47
1 0 0.0 46 
0 1 0 0.0
0 0 1 46 
0.0 0.0 0.0 1.0
47 47 48
1 0 0.0 47 
0 1 0 0.0
0 0 1 47 
0.0 0.0 0.0 1.0
48 48 49
1 0 0.0 48 
0 1 0 0.0
0 0 1 48 
0.0 0.0 0.0 1.0
49 49 50
1 0 0.0 49 
0 1 0 0.0
0 0 1 49 
0.0 0.0 0.0 1.0
50 50 51
1 0 0.0 50 
0 1 0 0.0
0 0 1 50 
0.0 0.0 0.0 1.0
51 51 52
1 0 0.0 51 
0 1 0 0.0
0 0 1 51 
0.0 0.0 0.0 1.0
52 52 53
1 0 0.0 52 
0 1 0 0.0
0 0 1 52 
0.0 0.0 0.0 1.0
53 53 54
1 0 0.0 53 
0 1 0 0.0
0 0 1 53 
0.0 0.0 0.0 1.0
54 54 55
1 0 0.0 54 
0 1 0 0.0
0 0 1 54 
0.0 0.0 0.0 1.0
55 55 56
1 0 0.0 55 
0 1 0 0.0
0 0 1 55 
0.0 0.0 0.0 1.0
56 56 57
1 0 0.0 56 
0 1 0 0.0
0 0 1 56 
0.0 0.0 0.0 1.0
57 57 58
1 0 0.0 57 
0 1 0 0.0
0 0 1 57 
0.0 0.0 0.0 1.0
58 58 59
1 0 0.0 58 
0 1 0 0.0
0 0 1 58 
0.0 0.0 0.0 1.0
59 59 60
1 0 0.0 59 
0 1 0 0.0
0 0 1 59 
0.0 0.0 0.0 1.0
60 60 61
1 0 0.0 60 
0 1 0 0.0
0 0 1 60 
0.0 0.0 0.0 1.0
61 61 62
1 0 0.0 61 
0 1 0 0.0
0 0 1 61 
0.0 0.0 0.0 1.0
62 62 63
1 0 0.0 62 
0 1 0 0.0
0 0 1 62 
0.0 0.0 0.0 1.0
63 63 64
1 0 0.0 63 
0 1 0 0.0
0 0 1 63 
0.0 0.0 0.0 1.0
64 64 65
1 0 0.0 64 
0 1 0 0.0
0 0 1 64 
0.0 0.0 0.0 1.0
65 65 66
1 0 0.0 65 
0 1 0 0.0
0 0 1 65 
0.0 0.0 0.0 1.0
66 66 67
1 0 0.0 66 
0 1 0 0.0
0 0 1 66 
0.0 0.0 0.0 1.0
67 67 68
1 0 0.0 67 
0 1 0 0.0
0 0 1 67 
0.0 0.0 0.0 1.0
68 68 69
1 0 0.0 68 
0 1 0 0.0
0 0 1 68 
0.0 0.0 0.0 1.0
69 69 70
1 0 0.0 69 
0 1 0 0.0
0 0 1 69 
0.0 0.0 0.0 1.0
70 70 71
1 0 0.0 70 
0 1 0 0.0
0 0 1 70 
0.0 0.0 0.0 1.0
71 71 72
1 0 0.0 71 
0 1 0 0.0
0 0 1 71 
0.0 0.0 0.0 1.0
72 72 73
1 0 0.0 72 
0 1 0 0.0
0 0 1 72 
0.0 0.0 0.0 1.0
73 73 74
1 0 0.0 73 
0 1 0 0.0
0 0 1 73 
0.0 0.0 0.0 1.0
74 74 75
1 0 0.0 74 
0 1 0 0.0
0 0 1 74 
0.0 0.0 0.0 1.0
75 75 76
1 0 0.0 75 
0 1 0 0.0
0 0 1 75 
0.0 0.0 0.0 1.0
76 76 77
1 0 0.0 76 
0 1 0 0.0
0 0 1 76 
0.0 0.0 0.0 1.0
77 77 78
1 0 0.0 77 
0 1 0 0.0
0 0 1 77 
0.0 0.0 0.0 1.0
78 78 79
1 0 0.0 78 
0 1 0 0.0
0 0 1 78 
0.0 0.0 0.0 1.0
79 79 80
1 0 0.0 79 
0 1 0 0.0
0 0 1 79 
0.0 0.0 0.0 1.0
80 80 81
1 0 0.0 80 
0 1 0 0.0
0 0 1 80 
0.0 0.0 0.0 1.0
81 81 82
1 0 0.0 81 
0 1 0 0.0
0 0 1 81 
0.0 0.0 0.0 1.0
82 82 83
1 0 0.0 82 
0 1 0 0.0
0 0 1 82 
0.0 0.0 0.0 1.0
83 83 84
1 0 0.0 83 
0 1 0 0.0
0 0 1 83 
0.0 0.0 0.0 1.0
84 84 85
1 0 0.0 84 
0 1 0 0.0
0 0 1 84 
0.0 0.0 0.0 1.0
85 85 86
1 0 0.0 85 
0 1 0 0.0
0 0 1 85 
0.0 0.0 0.0 1.0
86 86 87
1 0 0.0 86 
0 1 0 0.0
0 0 1 86 
0.0 0.0 0.0 1.0
87 87 88
1 0 0.0 87 
0 1 0 0.0
0 0 1 87 
0.0 0.0 0.0 1.0
88 88 89
1 0 0.0 88 
0 1 0 0.0
0 0 1 88 
0.0 0.0 0.0 1.0
89 89 90
1 0 0.0 89 
0 1 0 0.0
0 0 1 89 
0.0 0.0 0.0 1.0
90 90 91
1 0 0.0 90 
0 1 0 0.0
0 0 1 90 
0.0 0.0 0.0 1.0
91 91 92
1 0 0.0 91 
0 1 0 0.0
0 0 1 91 
0.0 0.0 0.0 1.0
92 92 93
1 0 0.0 92 
0 1 0 0.0
0 0 1 92 
0.0 0.0 0.0 1.0
93 93 94
1 0 0.0 93 
0 1 0 0.0
0 0 1 93 
0.0 0.0 0.0 1.0
94 94 95
1 0 0.0 94 
0 1 0 0.0
0 0 1 94 
0.0 0.0 0.0 1.0
95 95 96
1 0 0.0 95 
0 1 0 0.0
0 0 1 95 
0.0 0.0 0.0 1.0
96 96 97
1 0 0.0 96 
0 1 0 0.0
0 0 1 96 
0.0 0.0 0.0 1.0
97 97 98
1 0 0.0 97 
0 1 0 0.0
0 0 1 97 
0.0 0.0 0.0 1.0
98 98 99
1 0 0.0 98 
0 1 0 0.0
0 0 1 98 
0.0 0.0 0.0 1.0
99 99 100
1 0 0.0 99 
0 1 0 0.0
0 0 1 99 
0.0 0.0 0.0 1.0
100 100 101
1 0 0.0 100 
0 1 0 0.0
0 0 1 100 
0.0 0.0 0.0 1.0
101 101 102
1 0 0.0 101 
0 1 0 0.0
0 0 1 101 
0.0 0.0 0.0 1.0
102 102 103
1 0 0.0 102 
0 1 0 0.0
0 0 1 102 
0.0 0.0 0.0 1.0
103 103 104
1 0 0.0 103 
0 1 0 0.0
0 0 1 103 
0.0 0.0 0.0 1.0
104 104 105
1 0 0.0 104 
0 1 0 0.0
0 0 1 104 
0.0 0.0 0.0 1.0
105 105 106
1 0 0.0 105 
0 1 0 0.0
0 0 1 105 
0.0 0.0 0.0 1.0
106 106 107
1 0 0.0 106 
0 1 0 0.0
0 0 1 106 
0.0 0.0 0.0 1.0
107 107 108
1 0 0.0 107 
0 1 0 0.0
0 0 1 107 
0.0 0.0 0.0 1.0
108 108 109
1 0 0.0 108 
0 1 0 0.0
0 0 1 108 
0.0 0.0 0.0 1.0
109 109 110
1 0 0.0 109 
0 1 0 0.0
0 0 1 109 
0.0 0.0 0.0 1.0
110 110 111
1 0 0.0 110 
0 1 0 0.0
0 0 1 110 
0.0 0.0 0.0 1.0
111 111 112
1 0 0.0 111 
0 1 0 0.0
0 0 1 111 
0.0 0.0 0.0 1.0
112 112 113
1 0 0.0 112 
0 1 0 0.0
0 0 1 112 
0.0 0.0 0.0 1.0
113 113 114
1 0 0.0 113 
0 1 0 0.0
0 0 1 113 
0.0 0.0 0.0 1.0
114 114 115
1 0 0.0 114 
0 1 0 0.0
0 0 1 114 
0.0 0.0 0.0 1.0
115 115 116
1 0 0.0 115 
0 1 0 0.0
0 0 1 115 
0.0 0.0 0.0 1.0
116 116 117
1 0 0.0 116 
0 1 0 0.0
0 0 1 116 
0.0 0.0 0.0 1.0
117 117 118
1 0 0.0 117 
0 1 0 0.0
0 0 1 117 
0.0 0.0 0.0 1.0
118 118 119
1 0 0.0 118 
0 1 0 0.0
0 0 1 118 
0.0 0.0 0.0 1.0
119 119 120
1 0 0.0 119 
0 1 0 0.0
0 0 1 119 
0.0 0.0 0.0 1.0
120 120 121
1 0 0.0 120 
0 1 0 0.0
0 0 1 120 
0.0 0.0 0.0 1.0
121 121 122
1 0 0.0 121 
0 1 0 0.0
0 0 1 121 
0.0 0.0 0.0 1.0
122 122 123
1 0 0.0 122 
0 1 0 0.0
0 0 1 122 
0.0 0.0 0.0 1.0
123 123 124
1 0 0.0 123 
0 1 0 0.0
0 0 1 123 
0.0 0.0 0.0 1.0
124 124 125
1 0 0.0 124 
0 1 0 0.0
0 0 1 124 
0.0 0.0 0.0 1.0
125 125 126
1 0 0.0 125 
0 1 0 0.0
0 0 1 125 
0.0 0.0 0.0 1.0
126 126 127
1 0 0.0 126 
0 1 0 0.0
0 0 1 126 
0.0 0.0 0.0 1.0
127 127 128
1 0 0.0 127 
0 1 0 0.0
0 0 1 127 
0.0 0.0 0.0 1.0
128 128 129
1 0 0.0 128 
0 1 0 0.0
0 0 1 128 
0.0 0.0 0.0 1.0
129 129 130
1 0 0.0 129 
0 1 0 0.0
0 0 1 129 
0.0 0.0 0.0 1.0
130 130 131
1 0 0.0 130 
0 1 0 0.0
0 0 1 130 
0.0 0.0 0.0 1.0
131 131 132
1 0 0.0 131 
0 1 0 0.0
0 0 1 131 
0.0 0.0 0.0 1.0
132 132 133
1 0 0.0 132 
0 1 0 0.0
0 0 1 132 
0.0 0.0 0.0 1.0
133 133 134
1 0 0.0 133 
0 1 0 0.0
0 0 1 133 
0.0 0.0 0.0 1.0
134 134 135
1 0 0.0 134 
0 1 0 0.0
0 0 1 134 
0.0 0.0 0.0 1.0
135 135 136
1 0 0.0 135 
0 1 0 0.0
0 0 1 135 
0.0 0.0 0.0 1.0
136 136 137
1 0 0.0 136 
0 1 0 0.0
0 0 1 136 
0.0 0.0 0.0 1.0
137 137 138
1 0 0.0 137 
0 1 0 0.0
0 0 1 137 
0.0 0.0 0.0 1.0
138 138 139
1 0 0.0 138 
0 1 0 0.0
0 0 1 138 
0.0 0.0 0.0 1.0
139 139 140
1 0 0.0 139 
0 1 0 0.0
0 0 1 139 
0.0 0.0 0.0 1.0
140 140 141
1 0 0.0 140 
0 1 0 0.0
0 0 1 140 
0.0 0.0 0.0 1.0
141 141 142
1 0 0.0 141 
0 1 0 0.0
0 0 1 141 
0.0 0.0 0.0 1.0
142 142 143
1 0 0.0 142 
0 1 0 0.0
0 0 1 142 
0.0 0.0 0.0 1.0
143 143 144
1 0 0.0 143 
0 1 0 0.0
0 0 1 143 
0.0 0.0 0.0 1.0
144 144 145
1 0 0.0 144 
0 1 0 0.0
0 0 1 144 
0.0 0.0 0.0 1.0
145 145 146
1 0 0.0 145 
0 1 0 0.0
0 0 1 145 
0.0 0.0 0.0 1.0
146 146 147
1 0 0.0 146 
0 1 0 0.0
0 0 1 146 
0.0 0.0 0.0 1.0
147 147 148
1 0 0.0 147 
0 1 0 0.0
0 0 1 147 
0.0 0.0 0.0 1.0
148 148 149
1 0 0.0 148 
0 1 0 0.0
0 0 1 148 
0.0 0.0 0.0 1.0
149 149 150
1 0 0.0 149 
0 1 0 0.0
0 0 1 149 
0.0 0.0 0.0 1.0
150 150 151
1 0 0.0 150 
0 1 0 0.0
0 0 1 150 
0.0 0.0 0.0 1.0
151 151 152
1 0 0.0 151 
0 1 0 0.0
0 0 1 151 
0.0 0.0 0.0 1.0
152 152 153
1 0 0.0 152 
0 1 0 0.0
0 0 1 152 
0.0 0.0 0.0 1.0
153 153 154
1 0 0.0 153 
0 1 0 0.0
0 0 1 153 
0.0 0.0 0.0 1.0
154 154 155
1 0 0.0 154 
0 1 0 0.0
0 0 1 154 
0.0 0.0 0.0 1.0
155 155 156
1 0 0.0 155 
0 1 0 0.0
0 0 1 155 
0.0 0.0 0.0 1.0
156 156 157
1 0 0.0 156 
0 1 0 0.0
0 0 1 156 
0.0 0.0 0.0 1.0
157 157 158
1 0 0.0 157 
0 1 0 0.0
0 0 1 157 
0.0 0.0 0.0 1.0
158 158 159
1 0 0.0 158 
0 1 0 0.0
0 0 1 158 
0.0 0.0 0.0 1.0
159 159 160
1 0 0.0 159 
0 1 0 0.0
0 0 1 159 
0.0 0.0 0.0 1.0
160 160 161
1 0 0.0 160 
0 1 0 0.0
0 0 1 160 
0.0 0.0 0.0 1.0
161 161 162
1 0 0.0 161 
0 1 0 0.0
0 0 1 161 
0.0 0.0 0.0 1.0
162 162 163
1 0 0.0 162 
0 1 0 0.0
0 0 1 162 
0.0 0.0 0.0 1.0
163 163 164
1 0 0.0 163 
0 1 0 0.0
0 0 1 163 
0.0 0.0 0.0 1.0
164 164 165
1 0 0.0 164 
0 1 0 0.0
0 0 1 164 
0.0 0.0 0.0 1.0
165 165 166
1 0 0.0 165 
0 1 0 0.0
0 0 1 165 
0.0 0.0 0.0 1.0
166 166 167
1 0 0.0 166 
0 1 0 0.0
0 0 1 166 
0.0 0.0 0.0 1.0
167 167 168
1 0 0.0 167 
0 1 0 0.0
0 0 1 167 
0.0 0.0 0.0 1.0
168 168 169
1 0 0.0 168 
0 1 0 0.0
0 0 1 168 
0.0 0.0 0.0 1.0
169 169 170
1 0 0.0 169 
0 1 0 0.0
0 0 1 169 
0.0 0.0 0.0 1.0
170 170 171
1 0 0.0 170 
0 1 0 0.0
0 0 1 170 
0.0 0.0 0.0 1.0
171 171 172
1 0 0.0 171 
0 1 0 0.0
0 0 1 171 
0.0 0.0 0.0 1.0
172 172 173
1 0 0.0 172 
0 1 0 0.0
0 0 1 172 
0.0 0.0 0.0 1.0
173 173 174
1 0 0.0 173 
0 1 0 0.0
0 0 1 173 
0.0 0.0 0.0 1.0
174 174 175
1 0 0.0 174 
0 1 0 0.0
0 0 1 174 
0.0 0.0 0.0 1.0
175 175 176
1 0 0.0 175 
0 1 0 0.0
0 0 1 175 
0.0 0.0 0.0 1.0
176 176 177
1 0 0.0 176 
0 1 0 0.0
0 0 1 176 
0.0 0.0 0.0 1.0
177 177 178
1 0 0.0 177 
0 1 0 0.0
0 0 1 177 
0.0 0.0 0.0 1.0
178 178 179
1 0 0.0 178 
0 1 0 0.0
0 0 1 178 
0.0 0.0 0.0 1.0
179 179 180
1 0 0.0 179 
0 1 0 0.0
0 0 1 179 
0.0 0.0 0.0 1.0
180 180 181
1 0 0.0 180 
0 1 0 0.0
0 0 1 180 
0.0 0.0 0.0 1.0
181 181 182
1 0 0.0 181 
0 1 0 0.0
0 0 1 181 
0.0 0.0 0.0 1.0
182 182 183
1 0 0.0 182 
0 1 0 0.0
0 0 1 182 
0.0 0.0 0.0 1.0
183 183 184
1 0 0.0 183 
0 1 0 0.0
0 0 1 183 
0.0 0.0 0.0 1.0
184 184 185
1 0 0.0 184 
0 1 0 0.0
0 0 1 184 
0.0 0.0 0.0 1.0
185 185 186
1 0 0.0 185 
0 1 0 0.0
0 0 1 185 
0.0 0.0 0.0 1.0
186 186 187
1 0 0.0 186 
0 1 0 0.0
0 0 1 186 
0.0 0.0 0.0 1.0
187 187 188
1 0 0.0 187 
0 1 0 0.0
0 0 1 187 
0.0 0.0 0.0 1.0
188 188 189
1 0 0.0 188 
0 1 0 0.0
0 0 1 188 
0.0 0.0 0.0 1.0
189 189 190
1 0 0.0 189 
0 1 0 0.0
0 0 1 189 
0.0 0.0 0.0 1.0
190 190 191
1 0 0.0 190 
0 1 0 0.0
0 0 1 190 
0.0 0.0 0.0 1.0
191 191 192
1 0 0.0 191 
0 1 0 0.0
0 0 1 191 
0.0 0.0 0.0 1.0
192 192 193
1 0 0.0 192 
0 1 0 0.0
0 0 1 192 
0.0 0.0 0.0 1.0
193 193 194
1 0 0.0 193 
0 1 0 0.0
0 0 1 193 
0.0 0.0 0.0 1.0
194 194 195
1 0 0.0 194 
0 1 0 0.0
0 0 1 194 
0.0 0.0 0.0 1.0
195 195 196
1 0 0.0 195 
0 1 0 0.0
0 0 1 195 
0.0 0.0 0.0 1.0
196 196 197
1 0 0.0 196 
0 1 0 0.0
0 0 1 196 
0.0 0.0 0.0 1.0
197 197 198
1 0 0.0 197 
0 1 0 0.0
0 0 1 197 
0.0 0.0 0.0 1.0
198 198 199
1 0 0.0 198 
0 1 0 0.0
0 0 1 198 
0.0 0.0 0.0 1.0
199 199 200
1 0 0.0 199 
0 1 0 0.0
0 0 1 199 
0.0 0.0 0.0 1.0
200 200 201
1 0 0.0 200 
0 1 0 0.0
0 0 1 200 
0.0 0.0 0.0 1.0
201 201 202
1 0 0.0 201 
0 1 0 0.0
0 0 1 201 
0.0 0.0 0.0 1.0
202 202 203
1 0 0.0 202 
0 1 0 0.0
0 0 1 202 
0.0 0.0 0.0 1.0
203 203 204
1 0 0.0 203 
0 1 0 0.0
0 0 1 203 
0.0 0.0 0.0 1.0
204 204 205
1 0 0.0 204 
0 1 0 0.0
0 0 1 204 
0.0 0.0 0.0 1.0
205 205 206
1 0 0.0 205 
0 1 0 0.0
0 0 1 205 
0.0 0.0 0.0 1.0
206 206 207
1 0 0.0 206 
0 1 0 0.0
0 0 1 206 
0.0 0.0 0.0 1.0
207 207 208
1 0 0.0 207 
0 1 0 0.0
0 0 1 207 
0.0 0.0 0.0 1.0
208 208 209
1 0 0.0 208 
0 1 0 0.0
0 0 1 208 
0.0 0.0 0.0 1.0
209 209 210
1 0 0.0 209 
0 1 0 0.0
0 0 1 209 
0.0 0.0 0.0 1.0
210 210 211
1 0 0.0 210 
0 1 0 0.0
0 0 1 210 
0.0 0.0 0.0 1.0
211 211 212
1 0 0.0 211 
0 1 0 0.0
0 0 1 211 
0.0 0.0 0.0 1.0
212 212 213
1 0 0.0 212 
0 1 0 0.0
0 0 1 212 
0.0 0.0 0.0 1.0
213 213 214
1 0 0.0 213 
0 1 0 0.0
0 0 1 213 
0.0 0.0 0.0 1.0
214 214 215
1 0 0.0 214 
0 1 0 0.0
0 0 1 214 
0.0 0.0 0.0 1.0
215 215 216
1 0 0.0 215 
0 1 0 0.0
0 0 1 215 
0.0 0.0 0.0 1.0
216 216 217
1 0 0.0 216 
0 1 0 0.0
0 0 1 216 
0.0 0.0 0.0 1.0
217 217 218
1 0 0.0 217 
0 1 0 0.0
0 0 1 217 
0.0 0.0 0.0 1.0
218 218 219
1 0 0.0 218 
0 1 0 0.0
0 0 1 218 
0.0 0.0 0.0 1.0
219 219 220
1 0 0.0 219 
0 1 0 0.0
0 0 1 219 
0.0 0.0 0.0 1.0
220 220 221
1 0 0.0 220 
0 1 0 0.0
0 0 1 220 
0.0 0.0 0.0 1.0
221 221 222
1 0 0.0 221 
0 1 0 0.0
0 0 1 221 
0.0 0.0 0.0 1.0
222 222 223
1 0 0.0 222 
0 1 0 0.0
0 0 1 222 
0.0 0.0 0.0 1.0
223 223 224
1 0 0.0 223 
0 1 0 0.0
0 0 1 223 
0.0 0.0 0.0 1.0
224 224 225
1 0 0.0 224 
0 1 0 0.0
0 0 1 224 
0.0 0.0 0.0 1.0
225 225 226
1 0 0.0 225 
0 1 0 0.0
0 0 1 225 
0.0 0.0 0.0 1.0
226 226 227
1 0 0.0 226 
0 1 0 0.0
0 0 1 226 
0.0 0.0 0.0 1.0
227 227 228
1 0 0.0 227 
0 1 0 0.0
0 0 1 227 
0.0 0.0 0.0 1.0
228 228 229
1 0 0.0 228 
0 1 0 0.0
0 0 1 228 
0.0 0.0 0.0 1.0
229 229 230
1 0 0.0 229 
0 1 0 0.0
0 0 1 229 
0.0 0.0 0.0 1.0
230 230 231
1 0 0.0 230 
0 1 0 0.0
0 0 1 230 
0.0 0.0 0.0 1.0
231 231 232
1 0 0.0 231 
0 1 0 0.0
0 0 1 231 
0.0 0.0 0.0 1.0
232 232 233
1 0 0.0 232 
0 1 0 0.0
0 0 1 232 
0.0 0.0 0.0 1.0
233 233 234
1 0 0.0 233 
0 1 0 0.0
0 0 1 233 
0.0 0.0 0.0 1.0
234 234 235
1 0 0.0 234 
0 1 0 0.0
0 0 1 234 
0.0 0.0 0.0 1.0
235 235 236
1 0 0.0 235 
0 1 0 0.0
0 0 1 235 
0.0 0.0 0.0 1.0
236 236 237
1 0 0.0 236 
0 1 0 0.0
0 0 1 236 
0.0 0.0 0.0 1.0
237 237 238
1 0 0.0 237 
0 1 0 0.0
0 0 1 237 
0.0 0.0 0.0 1.0
238 238 239
1 0 0.0 238 
0 1 0 0.0
0 0 1 238 
0.0 0.0 0.0 1.0
239 239 240
1 0 0.0 239 
0 1 0 0.0
0 0 1 239 
0.0 0.0 0.0 1.0
240 240 241
1 0 0.0 240 
0 1 0 0.0
0 0 1 240 
0.0 0.0 0.0 1.0
241 241 242
1 0 0.0 241 
0 1 0 0.0
0 0 1 241 
0.0 0.0 0.0 1.0
242 242 243
1 0 0.0 242 
0 1 0 0.0
0 0 1 242 
0.0 0.0 0.0 1.0
243 243 244
1 0 0.0 243 
0 1 0 0.0
0 0 1 243 
0.0 0.0 0.0 1.0
244 244 245
1 0 0.0 244 
0 1 0 0.0
0 0 1 244 
0.0 0.0 0.0 1.0
245 245 246
1 0 0.0 245 
0 1 0 0.0
0 0 1 245 
0.0 0.0 0.0 1.0
246 246 247
1 0 0.0 246 
0 1 0 0.0
0 0 1 246 
0.0 0.0 0.0 1.0
247 247 248
1 0 0.0 247 
0 1 0 0.0
0 0 1 247 
0.0 0.0 0.0 1.0
248 248 249
1 0 0.0 248 
0 1 0 0.0
0 0 1 248 
0.0 0.0 0.0 1.0
249 249 250
1 0 0.0 249 
0 1 0 0.0
0 0 1 249 
0.0 0.0 0.0 1.0
250 250 251
1 0 0.0 250 
0 1 0 0.0
0 0 1 250 
0.0 0.0 0.0 1.0
251 251 252
1 0 0.0 251 
0 1 0 0.0
0 0 1 251 
0.0 0.0 0.0 1.0
252 252 253
1 0 0.0 252 
0 1 0 0.0
0 0 1 252 
0.0 0.0 0.0 1.0
253 253 254
1 0 0.0 253 
0 1 0 0.0
0 0 1 253 
0.0 0.0 0.0 1.0
254 254 255
1 0 0.0 254 
0 1 0 0.0
0 0 1 254 
0.0 0.0 0.0 1.0
255 255 256
1 0 0.0 255 
0 1 0 0.0
0 0 1 255 
0.0 0.0 0.0 1.0
256 256 257
1 0 0.0 256 
0 1 0 0.0
0 0 1 256 
0.0 0.0 0.0 1.0
257 257 258
1 0 0.0 257 
0 1 0 0.0
0 0 1 257 
0.0 0.0 0.0 1.0
258 258 259
1 0 0.0 258 
0 1 0 0.0
0 0 1 258 
0.0 0.0 0.0 1.0
259 259 260
1 0 0.0 259 
0 1 0 0.0
0 0 1 259 
0.0 0.0 0.0 1.0
260 260 261
1 0 0.0 260 
0 1 0 0.0
0 0 1 260 
0.0 0.0 0.0 1.0
261 261 262
1 0 0.0 261 
0 1 0 0.0
0 0 1 261 
0.0 0.0 0.0 1.0
262 262 263
1 0 0.0 262 
0 1 0 0.0
0 0 1 262 
0.0 0.0 0.0 1.0
263 263 264
1 0 0.0 263 
0 1 0 0.0
0 0 1 263 
0.0 0.0 0.0 1.0
264 264 265
1 0 0.0 264 
0 1 0 0.0
0 0 1 264 
0.0 0.0 0.0 1.0
265 265 266
1 0 0.0 265 
0 1 0 0.0
0 0 1 265 
0.0 0.0 0.0 1.0
266 266 267
1 0 0.0 266 
0 1 0 0.0
0 0 1 266 
0.0 0.0 0.0 1.0
267 267 268
1 0 0.0 267 
0 1 0 0.0
0 0 1 267 
0.0 0.0 0.0 1.0
268 268 269
1 0 0.0 268 
0 1 0 0.0
0 0 1 268 
0.0 0.0 0.0 1.0
269 269 270
1 0 0.0 269 
0 1 0 0.0
0 0 1 269 
0.0 0.0 0.0 1.0
270 270 271
1 0 0.0 270 
0 1 0 0.0
0 0 1 270 
0.0 0.0 0.0 1.0
271 271 272
1 0 0.0 271 
0 1 0 0.0
0 0 1 271 
0.0 0.0 0.0 1.0
272 272 273
1 0 0.0 272 
0 1 0 0.0
0 0 1 272 
0.0 0.0 0.0 1.0
273 273 274
1 0 0.0 273 
0 1 0 0.0
0 0 1 273 
0.0 0.0 0.0 1.0
274 274 275
1 0 0.0 274 
0 1 0 0.0
0 0 1 274 
0.0 0.0 0.0 1.0
275 275 276
1 0 0.0 275 
0 1 0 0.0
0 0 1 275 
0.0 0.0 0.0 1.0
276 276 277
1 0 0.0 276 
0 1 0 0.0
0 0 1 276 
0.0 0.0 0.0 1.0
277 277 278
1 0 0.0 277 
0 1 0 0.0
0 0 1 277 
0.0 0.0 0.0 1.0
278 278 279
1 0 0.0 278 
0 1 0 0.0
0 0 1 278 
0.0 0.0 0.0 1.0
279 279 280
1 0 0.0 279 
0 1 0 0.0
0 0 1 279 
0.0 0.0 0.0 1.0
280 280 281
1 0 0.0 280 
0 1 0 0.0
0 0 1 280 
0.0 0.0 0.0 1.0
281 281 282
1 0 0.0 281 
0 1 0 0.0
0 0 1 281 
0.0 0.0 0.0 1.0
282 282 283
1 0 0.0 282 
0 1 0 0.0
0 0 1 282 
0.0 0.0 0.0 1.0
283 283 284
1 0 0.0 283 
0 1 0 0.0
0 0 1 283 
0.0 0.0 0.0 1.0
284 284 285
1 0 0.0 284 
0 1 0 0.0
0 0 1 284 
0.0 0.0 0.0 1.0
285 285 286
1 0 0.0 285 
0 0 1 0.0
0 -1 0 285 
0.0 0.0 0.0 1.0
286 286 287
1 0 0.0 286 
0 0 1 0.0
0 -1 0 286 
0.0 0.0 0.0 1.0
287 287 288
1 0 0.0 287 
0 0 1 0.0
0 -1 0 287 
0.0 0.0 0.0 1.0
288 288 289
1 0 0.0 288 
0 0 1 0.0
0 -1 0 288 
0.0 0.0 0.0 1.0
289 289 290
1 0 0.0 289 
0 0 1 0.0
0 -1 0 289 
0.0 0.0 0.0 1.0
290 290 291
1 0 0.0 290 
0 0 1 0.0
0 -1 0 290 
0.0 0.0 0.0 1.0
291 291 292
1 0 0.0 291 
0 0 1 0.0
0 -1 0 291 
0.0 0.0 0.0 1.0
292 292 293
1 0 0.0 292 
0 0 1 0.0
0 -1 0 292 
0.0 0.0 0.0 1.0
293 293 294
1 0 0.0 293 
0 0 1 0.0
0 -1 0 293 
0.0 0.0 0.0 1.0
294 294 295
1 0 0.0 294 
0 0 1 0.0
0 -1 0 294 
0.0 0.0 0.0 1.0
295 295 296
1 0 0.0 295 
0 0 1 0.0
0 -1 0 295 
0.0 0.0 0.0 1.0
296 296 297
1 0 0.0 296 
0 0 1 0.0
0 -1 0 296 
0.0 0.0 0.0 1.0
297 297 298
1 0 0.0 297 
0 0 1 0.0
0 -1 0 297 
0.0 0.0 0.0 1.0
298 298 299
1 0 0.0 298 
0 0 1 0.0
0 -1 0 298 
0.0 0.0 0.0 1.0
299 299 300
1 0 0.0 299 
0 0 1 0.0
0 -1 0 299 
0.0 0.0 0.0 1.0
300 300 301
1 0 0.0 300 
0 0 1 0.0
0 -1 0 300 
0.0 0.0 0.0 1.0
301 301 302
1 0 0.0 301 
0 0 1 0.0
0 -1 0 301 
0.0 0.0 0.0 1.0
302 302 303
1 0 0.0 302 
0 0 1 0.0
0 -1 0 302 
0.0 0.0 0.0 1.0
303 303 304
1 0 0.0 303 
0 0 1 0.0
0 -1 0 303 
0.0 0.0 0.0 1.0
304 304 305
1 0 0.0 304 
0 0 1 0.0
0 -1 0 304 
0.0 0.0 0.0 1.0
305 305 306
1 0 0.0 305 
0 0 1 0.0
0 -1 0 305 
0.0 0.0 0.0 1.0
306 306 307
1 0 0.0 306 
0 0 1 0.0
0 -1 0 306 
0.0 0.0 0.0 1.0
307 307 308
1 0 0.0 307 
0 0 1 0.0
0 -1 0 307 
0.0 0.0 0.0 1.0
308 308 309
1 0 0.0 308 
0 0 1 0.0
0 -1 0 308 
0.0 0.0 0.0 1.0
309 309 310
1 0 0.0 309 
0 0 1 0.0
0 -1 0 309 
0.0 0.0 0.0 1.0
310 310 311
1 0 0.0 310 
0 0 1 0.0
0 -1 0 310 
0.0 0.0 0.0 1.0
311 311 312
1 0 0.0 311 
0 0 1 0.0
0 -1 0 311 
0.0 0.0 0.0 1.0
312 312 313
1 0 0.0 312 
0 0 1 0.0
0 -1 0 312 
0.0 0.0 0.0 1.0
313 313 314
1 0 0.0 313 
0 0 1 0.0
0 -1 0 313 
0.0 0.0 0.0 1.0
314 314 315
1 0 0.0 314 
0 0 1 0.0
0 -1 0 314 
0.0 0.0 0.0 1.0
315 315 316
1 0 0.0 315 
0 0 1 0.0
0 -1 0 315 
0.0 0.0 0.0 1.0
316 316 317
1 0 0.0 316 
0 0 1 0.0
0 -1 0 316 
0.0 0.0 0.0 1.0
317 317 318
1 0 0.0 317 
0 0 1 0.0
0 -1 0 317 
0.0 0.0 0.0 1.0
318 318 319
1 0 0.0 318 
0 0 1 0.0
0 -1 0 318 
0.0 0.0 0.0 1.0
319 319 320
1 0 0.0 319 
0 0 1 0.0
0 -1 0 319 
0.0 0.0 0.0 1.0
320 320 321
1 0 0.0 320 
0 0 1 0.0
0 -1 0 320 
0.0 0.0 0.0 1.0
321 321 322
1 0 0.0 321 
0 0 1 0.0
0 -1 0 321 
0.0 0.0 0.0 1.0
322 322 323
1 0 0.0 322 
0 0 1 0.0
0 -1 0 322 
0.0 0.0 0.0 1.0
323 323 324
1 0 0.0 323 
0 0 1 0.0
0 -1 0 323 
0.0 0.0 0.0 1.0
324 324 325
1 0 0.0 324 
0 0 1 0.0
0 -1 0 324 
0.0 0.0 0.0 1.0
325 325 326
1 0 0.0 325 
0 0 1 0.0
0 -1 0 325 
0.0 0.0 0.0 1.0
326 326 327
1 0 0.0 326 
0 0 1 0.0
0 -1 0 326 
0.0 0.0 0.0 1.0
327 327 328
1 0 0.0 327 
0 0 1 0.0
0 -1 0 327 
0.0 0.0 0.0 1.0
328 328 329
1 0 0.0 328 
0 0 1 0.0
0 -1 0 328 
0.0 0.0 0.0 1.0
329 329 330
1 0 0.0 329 
0 0 1 0.0
0 -1 0 329 
0.0 0.0 0.0 1.0
330 330 331
1 0 0.0 330 
0 0 1 0.0
0 -1 0 330 
0.0 0.0 0.0 1.0
331 331 332
1 0 0.0 331 
0 0 1 0.0
0 -1 0 331 
0.0 0.0 0.0 1.0
332 332 333
1 0 0.0 332 
0 0 1 0.0
0 -1 0 332 
0.0 0.0 0.0 1.0
333 333 334
1 0 0.0 333 
0 0 1 0.0
0 -1 0 333 
0.0 0.0 0.0 1.0
334 334 335
1 0 0.0 334 
0 0 1 0.0
0 -1 0 334 
0.0 0.0 0.0 1.0
335 335 336
1 0 0.0 335 
0 0 1 0.0
0 -1 0 335 
0.0 0.0 0.0 1.0
336 336 337
1 0 0.0 336 
0 0 1 0.0
0 -1 0 336 
0.0 0.0 0.0 1.0
337 337 338
1 0 0.0 337 
0 0 1 0.0
0 -1 0 337 
0.0 0.0 0.0 1.0
338 338 339
1 0 0.0 338 
0 0 1 0.0
0 -1 0 338 
0.0 0.0 0.0 1.0
339 339 340
1 0 0.0 339 
0 0 1 0.0
0 -1 0 339 
0.0 0.0 0.0 1.0
340 340 341
1 0 0.0 340 
0 0 1 0.0
0 -1 0 340 
0.0 0.0 0.0 1.0
341 341 342
1 0 0.0 341 
0 0 1 0.0
0 -1 0 341 
0.0 0.0 0.0 1.0
342 342 343
1 0 0.0 342 
0 0 1 0.0
0 -1 0 342 
0.0 0.0 0.0 1.0
343 343 344
1 0 0.0 343 
0 0 1 0.0
0 -1 0 343 
0.0 0.0 0.0 1.0
344 344 345
1 0 0.0 344 
0 0 1 0.0
0 -1 0 344 
0.0 0.0 0.0 1.0
345 345 346
1 0 0.0 345 
0 0 1 0.0
0 -1 0 345 
0.0 0.0 0.0 1.0
346 346 347
1 0 0.0 346 
0 0 1 0.0
0 -1 0 346 
0.0 0.0 0.0 1.0
347 347 348
1 0 0.0 347 
0 0 1 0.0
0 -1 0 347 
0.0 0.0 0.0 1.0
348 348 349
1 0 0.0 348 
0 0 1 0.0
0 -1 0 348 
0.0 0.0 0.0 1.0
349 349 350
1 0 0.0 349 
0 0 1 0.0
0 -1 0 349 
0.0 0.0 0.0 1.0
350 350 351
1 0 0.0 350 
0 0 1 0.0
0 -1 0 350 
0.0 0.0 0.0 1.0
351 351 352
1 0 0.0 351 
0 0 1 0.0
0 -1 0 351 
0.0 0.0 0.0 1.0
352 352 353
1 0 0.0 352 
0 0 1 0.0
0 -1 0 352 
0.0 0.0 0.0 1.0
353 353 354
1 0 0.0 353 
0 0 1 0.0
0 -1 0 353 
0.0 0.0 0.0 1.0
354 354 355
1 0 0.0 354 
0 0 1 0.0
0 -1 0 354 
0.0 0.0 0.0 1.0
355 355 356
1 0 0.0 355 
0 0 1 0.0
0 -1 0 355 
0.0 0.0 0.0 1.0
356 356 357
1 0 0.0 356 
0 0 1 0.0
0 -1 0 356 
0.0 0.0 0.0 1.0
357 357 358
1 0 0.0 357 
0 0 1 0.0
0 -1 0 357 
0.0 0.0 0.0 1.0
358 358 359
1 0 0.0 358 
0 0 1 0.0
0 -1 0 358 
0.0 0.0 0.0 1.0
359 359 360
1 0 0.0 359 
0 0 1 0.0
0 -1 0 359 
0.0 0.0 0.0 1.0
360 360 361
1 0 0.0 360 
0 0 1 0.0
0 -1 0 360 
0.0 0.0 0.0 1.0
361 361 362
1 0 0.0 361 
0 0 1 0.0
0 -1 0 361 
0.0 0.0 0.0 1.0
362 362 363
1 0 0.0 362 
0 0 1 0.0
0 -1 0 362 
0.0 0.0 0.0 1.0
363 363 364
1 0 0.0 363 
0 0 1 0.0
0 -1 0 363 
0.0 0.0 0.0 1.0
364 364 365
1 0 0.0 364 
0 0 1 0.0
0 -1 0 364 
0.0 0.0 0.0 1.0
365 365 366
1 0 0.0 365 
0 0 1 0.0
0 -1 0 365 
0.0 0.0 0.0 1.0
366 366 367
1 0 0.0 366 
0 0 1 0.0
0 -1 0 366 
0.0 0.0 0.0 1.0
367 367 368
1 0 0.0 367 
0 0 1 0.0
0 -1 0 367 
0.0 0.0 0.0 1.0
368 368 369
1 0 0.0 368 
0 0 1 0.0
0 -1 0 368 
0.0 0.0 0.0 1.0
369 369 370
1 0 0.0 369 
0 0 1 0.0
0 -1 0 369 
0.0 0.0 0.0 1.0
370 370 371
1 0 0.0 370 
0 0 1 0.0
0 -1 0 370 
0.0 0.0 0.0 1.0
371 371 372
1 0 0.0 371 
0 0 1 0.0
0 -1 0 371 
0.0 0.0 0.0 1.0
372 372 373
1 0 0.0 372 
0 0 1 0.0
0 -1 0 372 
0.0 0.0 0.0 1.0
373 373 374
1 0 0.0 373 
0 0 1 0.0
0 -1 0 373 
0.0 0.0 0.0 1.0
374 374 375
1 0 0.0 374 
0 0 1 0.0
0 -1 0 374 
0.0 0.0 0.0 1.0
375 375 376
1 0 0.0 375 
0 0 1 0.0
0 -1 0 375 
0.0 0.0 0.0 1.0
376 376 377
1 0 0.0 376 
0 0 1 0.0
0 -1 0 376 
0.0 0.0 0.0 1.0
377 377 378
1 0 0.0 377 
0 0 1 0.0
0 -1 0 377 
0.0 0.0 0.0 1.0
378 378 379
1 0 0.0 378 
0 0 1 0.0
0 -1 0 378 
0.0 0.0 0.0 1.0
379 379 380
1 0 0.0 379 
0 0 1 0.0
0 -1 0 379 
0.0 0.0 0.0 1.0
380 380 381
1 0 0.0 380 
0 0 1 0.0
0 -1 0 380 
0.0 0.0 0.0 1.0
381 381 382
1 0 0.0 381 
0 0 1 0.0
0 -1 0 381 
0.0 0.0 0.0 1.0
382 382 383
1 0 0.0 382 
0 0 1 0.0
0 -1 0 382 
0.0 0.0 0.0 1.0
383 383 384
1 0 0.0 383 
0 0 1 0.0
0 -1 0 383 
0.0 0.0 0.0 1.0
384 384 385
1 0 0.0 384 
0 0 1 0.0
0 -1 0 384 
0.0 0.0 0.0 1.0
385 385 386
1 0 0.0 385 
0 0 1 0.0
0 -1 0 385 
0.0 0.0 0.0 1.0
386 386 387
1 0 0.0 386 
0 0 1 0.0
0 -1 0 386 
0.0 0.0 0.0 1.0
387 387 388
1 0 0.0 387 
0 0 1 0.0
0 -1 0 387 
0.0 0.0 0.0 1.0
388 388 389
1 0 0.0 388 
0 0 1 0.0
0 -1 0 388 
0.0 0.0 0.0 1.0
389 389 390
1 0 0.0 389 
0 0 1 0.0
0 -1 0 389 
0.0 0.0 0.0 1.0
390 390 391
1 0 0.0 390 
0 0 1 0.0
0 -1 0 390 
0.0 0.0 0.0 1.0
391 391 392
1 0 0.0 391 
0 0 1 0.0
0 -1 0 391 
0.0 0.0 0.0 1.0
392 392 393
1 0 0.0 392 
0 0 1 0.0
0 -1 0 392 
0.0 0.0 0.0 1.0
393 393 394
1 0 0.0 393 
0 0 1 0.0
0 -1 0 393 
0.0 0.0 0.0 1.0
394 394 395
1 0 0.0 394 
0 0 1 0.0
0 -1 0 394 
0.0 0.0 0.0 1.0
395 395 396
1 0 0.0 395 
0 0 1 0.0
0 -1 0 395 
0.0 0.0 0.0 1.0
396 396 397
1 0 0.0 396 
0 0 1 0.0
0 -1 0 396 
0.0 0.0 0.0 1.0
397 397 398
1 0 0.0 397 
0 0 1 0.0
0 -1 0 397 
0.0 0.0 0.0 1.0
398 398 399
1 0 0.0 398 
0 0 1 0.0
0 -1 0 398 
0.0 0.0 0.0 1.0
399 399 400
1 0 0.0 399 
0 0 1 0.0
0 -1 0 399 
0.0 0.0 0.0 1.0
400 400 401
1 0 0.0 400 
0 0 1 0.0
0 -1 0 400 
0.0 0.0 0.0 1.0
401 401 402
1 0 0.0 401 
0 0 1 0.0
0 -1 0 401 
0.0 0.0 0.0 1.0
402 402 403
1 0 0.0 402 
0 0 1 0.0
0 -1 0 402 
0.0 0.0 0.0 1.0
403 403 404
1 0 0.0 403 
0 0 1 0.0
0 -1 0 403 
0.0 0.0 0.0 1.0
404 404 405
1 0 0.0 404 
0 0 1 0.0
0 -1 0 404 
0.0 0.0 0.0 1.0
405 405 406
1 0 0.0 405 
0 0 1 0.0
0 -1 0 405 
0.0 0.0 0.0 1.0
406 406 407
1 0 0.0 406 
0 0 1 0.0
0 -1 0 406 
0.0 0.0 0.0 1.0
407 407 408
1 0 0.0 407 
0 0 1 0.0
0 -1 0 407 
0.0 0.0 0.0 1.0
408 408 409
1 0 0.0 408 
0 0 1 0.0
0 -1 0 408 
0.0 0.0 0.0 1.0
409 409 410
1 0 0.0 409 
0 0 1 0.0
0 -1 0 409 
0.0 0.0 0.0 1.0
410 410 411
1 0 0.0 410 
0 0 1 0.0
0 -1 0 410 
0.0 0.0 0.0 1.0
411 411 412
1 0 0.0 411 
0 0 1 0.0
0 -1 0 411 
0.0 0.0 0.0 1.0
412 412 413
1 0 0.0 412 
0 0 1 0.0
0 -1 0 412 
0.0 0.0 0.0 1.0
413 413 414
1 0 0.0 413 
0 0 1 0.0
0 -1 0 413 
0.0 0.0 0.0 1.0
414 414 415
1 0 0.0 414 
0 0 1 0.0
0 -1 0 414 
0.0 0.0 0.0 1.0
415 415 416
1 0 0.0 415 
0 0 1 0.0
0 -1 0 415 
0.0 0.0 0.0 1.0
416 416 417
1 0 0.0 416 
0 0 1 0.0
0 -1 0 416 
0.0 0.0 0.0 1.0
417 417 418
1 0 0.0 417 
0 0 1 0.0
0 -1 0 417 
0.0 0.0 0.0 1.0
418 418 419
1 0 0.0 418 
0 0 1 0.0
0 -1 0 418 
0.0 0.0 0.0 1.0
419 419 420
1 0 0.0 419 
0 0 1 0.0
0 -1 0 419 
0.0 0.0 0.0 1.0
420 420 421
1 0 0.0 420 
0 0 1 0.0
0 -1 0 420 
0.0 0.0 0.0 1.0
421 421 422
1 0 0.0 421 
0 0 1 0.0
0 -1 0 421 
0.0 0.0 0.0 1.0
422 422 423
1 0 0.0 422 
0 0 1 0.0
0 -1 0 422 
0.0 0.0 0.0 1.0
423 423 424
1 0 0.0 423 
0 0 1 0.0
0 -1 0 423 
0.0 0.0 0.0 1.0
424 424 425
1 0 0.0 424 
0 0 1 0.0
0 -1 0 424 
0.0 0.0 0.0 1.0
425 425 426
1 0 0.0 425 
0 0 1 0.0
0 -1 0 425 
0.0 0.0 0.0 1.0
426 426 427
1 0 0.0 426 
0 0 1 0.0
0 -1 0 426 
0.0 0.0 0.0 1.0
427 427 428
1 0 0.0 427 
0 0 1 0.0
0 -1 0 427 
0.0 0.0 0.0 1.0
428 428 429
1 0 0.0 428 
0 0 1 0.0
0 -1 0 428 
0.0 0.0 0.0 1.0
429 429 430
1 0 0.0 429 
0 0 1 0.0
0 -1 0 429 
0.0 0.0 0.0 1.0
430 430 431
1 0 0.0 430 
0 0 1 0.0
0 -1 0 430 
0.0 0.0 0.0 1.0
431 431 432
1 0 0.0 431 
0 0 1 0.0
0 -1 0 431 
0.0 0.0 0.0 1.0
432 432 433
1 0 0.0 432 
0 0 1 0.0
0 -1 0 432 
0.0 0.0 0.0 1.0
433 433 434
1 0 0.0 433 
0 0 1 0.0
0 -1 0 433 
0.0 0.0 0.0 1.0
434 434 435
1 0 0.0 434 
0 0 1 0.0
0 -1 0 434 
0.0 0.0 0.0 1.0
435 435 436
1 0 0.0 435 
0 0 1 0.0
0 -1 0 435 
0.0 0.0 0.0 1.0
436 436 437
1 0 0.0 436 
0 0 1 0.0
0 -1 0 436 
0.0 0.0 0.0 1.0
437 437 438
1 0 0.0 437 
0 0 1 0.0
0 -1 0 437 
0.0 0.0 0.0 1.0
438 438 439
1 0 0.0 438 
0 0 1 0.0
0 -1 0 438 
0.0 0.0 0.0 1.0
439 439 440
1 0 0.0 439 
0 0 1 0.0
0 -1 0 439 
0.0 0.0 0.0 1.0
440 440 441
1 0 0.0 440 
0 0 1 0.0
0 -1 0 440 
0.0 0.0 0.0 1.0
441 441 442
1 0 0.0 441 
0 0 1 0.0
0 -1 0 441 
0.0 0.0 0.0 1.0
442 442 443
1 0 0.0 442 
0 0 1 0.0
0 -1 0 442 
0.0 0.0 0.0 1.0
443 443 444
1 0 0.0 443 
0 0 1 0.0
0 -1 0 443 
0.0 0.0 0.0 1.0
444 444 445
1 0 0.0 444 
0 0 1 0.0
0 -1 0 444 
0.0 0.0 0.0 1.0
445 445 446
1 0 0.0 445 
0 0 1 0.0
0 -1 0 445 
0.0 0.0 0.0 1.0
446 446 447
1 0 0.0 446 
0 0 1 0.0
0 -1 0 446 
0.0 0.0 0.0 1.0
447 447 448
1 0 0.0 447 
0 0 1 0.0
0 -1 0 447 
0.0 0.0 0.0 1.0
448 448 449
1 0 0.0 448 
0 0 1 0.0
0 -1 0 448 
0.0 0.0 0.0 1.0
449 449 450
1 0 0.0 449 
0 0 1 0.0
0 -1 0 449 
0.0 0.0 0.0 1.0
450 450 451
1 0 0.0 450 
0 0 1 0.0
0 -1 0 450 
0.0 0.0 0.0 1.0
451 451 452
1 0 0.0 451 
0 0 1 0.0
0 -1 0 451 
0.0 0.0 0.0 1.0
452 452 453
1 0 0.0 452 
0 0 1 0.0
0 -1 0 452 
0.0 0.0 0.0 1.0
453 453 454
1 0 0.0 453 
0 0 1 0.0
0 -1 0 453 
0.0 0.0 0.0 1.0
454 454 455
1 0 0.0 454 
0 0 1 0.0
0 -1 0 454 
0.0 0.0 0.0 1.0
455 455 456
1 0 0.0 455 
0 0 1 0.0
0 -1 0 455 
0.0 0.0 0.0 1.0
456 456 457
1 0 0.0 456 
0 0 1 0.0
0 -1 0 456 
0.0 0.0 0.0 1.0
457 457 458
1 0 0.0 457 
0 0 1 0.0
0 -1 0 457 
0.0 0.0 0.0 1.0
458 458 459
1 0 0.0 458 
0 0 1 0.0
0 -1 0 458 
0.0 0.0 0.0 1.0
459 459 460
1 0 0.0 459 
0 0 1 0.0
0 -1 0 459 
0.0 0.0 0.0 1.0
460 460 461
1 0 0.0 460 
0 0 1 0.0
0 -1 0 460 
0.0 0.0 0.0 1.0
461 461 462
1 0 0.0 461 
0 0 1 0.0
0 -1 0 461 
0.0 0.0 0.0 1.0
462 462 463
1 0 0.0 462 
0 0 1 0.0
0 -1 0 462 
0.0 0.0 0.0 1.0
463 463 464
1 0 0.0 463 
0 0 1 0.0
0 -1 0 463 
0.0 0.0 0.0 1.0
464 464 465
1 0 0.0 464 
0 0 1 0.0
0 -1 0 464 
0.0 0.0 0.0 1.0
465 465 466
1 0 0.0 465 
0 0 1 0.0
0 -1 0 465 
0.0 0.0 0.0 1.0
466 466 467
1 0 0.0 466 
0 0 1 0.0
0 -1 0 466 
0.0 0.0 0.0 1.0
467 467 468
1 0 0.0 467 
0 0 1 0.0
0 -1 0 467 
0.0 0.0 0.0 1.0
468 468 469
1 0 0.0 468 
0 0 1 0.0
0 -1 0 468 
0.0 0.0 0.0 1.0
469 469 470
1 0 0.0 469 
0 0 1 0.0
0 -1 0 469 
0.0 0.0 0.0 1.0
470 470 471
1 0 0.0 470 
0 0 1 0.0
0 -1 0 470 
0.0 0.0 0.0 1.0
471 471 472
1 0 0.0 471 
0 0 1 0.0
0 -1 0 471 
0.0 0.0 0.0 1.0
472 472 473
1 0 0.0 472 
0 0 1 0.0
0 -1 0 472 
0.0 0.0 0.0 1.0
473 473 474
1 0 0.0 473 
0 0 1 0.0
0 -1 0 473 
0.0 0.0 0.0 1.0
474 474 475
1 0 0.0 474 
0 0 1 0.0
0 -1 0 474 
0.0 0.0 0.0 1.0
475 475 476
1 0 0.0 475 
0 0 1 0.0
0 -1 0 475 
0.0 0.0 0.0 1.0
476 476 477
1 0 0.0 476 
0 0 1 0.0
0 -1 0 476 
0.0 0.0 0.0 1.0
477 477 478
1 0 0.0 477 
0 0 1 0.0
0 -1 0 477 
0.0 0.0 0.0 1.0
478 478 479
1 0 0.0 478 
0 0 1 0.0
0 -1 0 478 
0.0 0.0 0.0 1.0
479 479 480
1 0 0.0 479 
0 0 1 0.0
0 -1 0 479 
0.0 0.0 0.0 1.0
480 480 481
1 0 0.0 480 
0 0 1 0.0
0 -1 0 480 
0.0 0.0 0.0 1.0
481 481 482
1 0 0.0 481 
0 0 1 0.0
0 -1 0 481 
0.0 0.0 0.0 1.0
482 482 483
1 0 0.0 482 
0 0 1 0.0
0 -1 0 482 
0.0 0.0 0.0 1.0
483 483 484
1 0 0.0 483 
0 0 1 0.0
0 -1 0 483 
0.0 0.0 0.0 1.0
484 484 485
1 0 0.0 484 
0 0 1 0.0
0 -1 0 484 
0.0 0.0 0.0 1.0
485 485 486
1 0 0.0 485 
0 0 1 0.0
0 -1 0 485 
0.0 0.0 0.0 1.0
486 486 487
1 0 0.0 486 
0 0 1 0.0
0 -1 0 486 
0.0 0.0 0.0 1.0
