0	1	22
0.99984292 0.00020907 0.01772243 -0.18992106
-0.00028130 0.99999166 0.00407371 -0.02144351
-0.01772143 -0.00407805 0.99983465 0.02037279
0.00000000 0.00000000 0.00000000 1.00000000
1	2	22
0.99751652 0.00156292 -0.07041551 0.27324289
-0.00151275 0.99999856 0.00076575 -0.00462438
0.07041660 -0.00065733 0.99751745 0.49885295
0.00000000 0.00000000 0.00000000 1.00000000
2	3	22
0.99999221 -0.00150507 -0.00364775 0.01253076
0.00150384 0.99999881 -0.00033759 0.01135684
0.00364825 0.00033210 0.99999329 0.03017340
0.00000000 0.00000000 0.00000000 1.00000000
3	4	22
0.99817938 0.00082449 -0.06030955 0.59924178
-0.00056956 0.99999083 0.00424411 -0.05683499
0.06031250 -0.00420203 0.99817070 0.44140415
0.00000000 0.00000000 0.00000000 1.00000000
4	5	22
0.99994662 -0.00315298 0.00984000 -0.15308488
0.00319809 0.99998444 -0.00457163 0.05890555
-0.00982543 0.00460286 0.99994114 0.03910006
0.00000000 0.00000000 0.00000000 1.00000000
5	6	22
0.99967593 0.00199091 0.02537837 -0.31684218
-0.00262894 0.99968068 0.02513212 -0.43342390
-0.02532023 -0.02519069 0.99936195 0.09982340
0.00000000 0.00000000 0.00000000 1.00000000
6	7	22
0.99932592 -0.00192638 0.03666064 -0.74426636
0.00211538 0.99998467 -0.00511751 0.10300643
-0.03665022 0.00519161 0.99931467 0.35833873
0.00000000 0.00000000 0.00000000 1.00000000
7	8	22
0.99999860 -0.00085281 0.00144276 -0.04818622
0.00085310 0.99999962 -0.00019628 0.00359715
-0.00144259 0.00019751 0.99999894 0.00505172
0.00000000 0.00000000 0.00000000 1.00000000
8	9	22
1.00000000 0.00000000 0.00000000 -0.00000000
0.00000000 1.00000000 0.00000000 0.00000000
0.00000000 0.00000000 1.00000000 0.00000000
0.00000000 0.00000000 0.00000000 1.00000000
9	10	22
0.99980233 -0.00853657 0.01795621 -0.67064147
0.00857622 0.99996095 -0.00213233 0.02392124
-0.01793731 0.00228590 0.99983650 0.30507790
0.00000000 0.00000000 0.00000000 1.00000000
10	11	22
0.99993898 0.01042381 0.00365722 -0.17295657
-0.01048888 0.99977850 0.01824660 -0.86824459
-0.00346621 -0.01828385 0.99982683 0.02844091
0.00000000 0.00000000 0.00000000 1.00000000
11	12	22
1.00000000 -0.00000000 0.00000000 -0.00000000
0.00000000 1.00000000 -0.00000000 0.00000000
0.00000000 0.00000000 1.00000000 0.00000000
0.00000000 0.00000000 0.00000000 1.00000000
12	13	22
0.99983780 0.00221152 0.01787385 -0.97774963
-0.00219058 0.99999689 -0.00119074 0.07719247
-0.01787643 0.00115139 0.99983954 0.10058771
0.00000000 0.00000000 0.00000000 1.00000000
13	14	22
0.97920421 -0.02083017 0.20180488 -11.62826822
0.02464580 0.99956150 -0.01641309 0.85255025
-0.20137450 0.02104541 0.97928821 2.04283367
0.00000000 0.00000000 0.00000000 1.00000000
14	15	22
0.99985057 -0.00606480 -0.01618814 1.06378816
0.00610755 0.99997799 0.00259296 -0.16878569
0.01617205 -0.00269144 0.99986560 0.30245811
0.00000000 0.00000000 0.00000000 1.00000000
15	16	22
0.98606545 0.02649091 0.16423510 -11.32467169
-0.08009863 0.94087458 0.32914927 -23.35996143
-0.14580516 -0.33771773 0.92988579 5.27193795
0.00000000 0.00000000 0.00000000 1.00000000
16	17	22
0.99820505 0.05549981 0.02250452 -1.67283048
-0.05573162 0.99839762 0.00980716 -0.64857730
-0.02192416 -0.01104377 0.99969864 0.06171022
0.00000000 0.00000000 0.00000000 1.00000000
17	18	22
0.99594580 -0.07822407 -0.04441795 3.75434434
0.08001991 0.99598222 0.04020232 -2.89654435
0.04109470 -0.04359365 0.99820380 0.42750701
0.00000000 0.00000000 0.00000000 1.00000000
18	19	22
1.00000000 0.00000000 0.00000000 -0.00000000
0.00000000 1.00000000 -0.00000000 0.00000000
0.00000000 0.00000000 1.00000000 -0.00000000
0.00000000 0.00000000 0.00000000 1.00000000
19	20	22
0.99907808 0.00506871 0.04262980 -3.78042032
-0.00265177 0.99839553 -0.05656263 4.98020421
-0.04284811 0.05639744 0.99748853 0.34150653
0.00000000 0.00000000 0.00000000 1.00000000
20	21	22
0.96634034 -0.00713741 0.25716805 -24.18047832
-0.00472389 0.99895429 0.04547543 -4.29972843
-0.25722370 -0.04515958 0.96529611 4.15373953
0.00000000 0.00000000 0.00000000 1.00000000
21	22	22
0.99403464 0.00172670 0.10905114 -10.94417444
0.00127420 0.99962257 -0.02744266 2.77116842
-0.10905736 0.02741791 0.99365726 1.05284117
0.00000000 0.00000000 0.00000000 1.00000000
22	23	22
0.99897950 0.01091031 0.04382823 -4.22222379
-0.01115228 0.99992387 0.00528027 -0.55588035
-0.04376729 -0.00576367 0.99902513 0.26369090
0.00000000 0.00000000 0.00000000 1.00000000
23	24	22
0.99848113 -0.01382907 0.05333102 -5.86690376
0.01462174 0.99978793 -0.01450182 1.51476574
-0.05311916 0.01525958 0.99847158 1.08463562
0.00000000 0.00000000 0.00000000 1.00000000
24	25	22
0.99966227 0.02526665 -0.00607764 0.55403007
-0.02507340 0.99923504 0.03001093 -3.41044571
0.00683127 -0.02984841 0.99953109 0.14257146
0.00000000 0.00000000 0.00000000 1.00000000
25	26	22
0.99786661 0.01418834 0.06372534 -6.24870064
-0.01395110 0.99989400 -0.00416639 0.38443530
-0.06377769 0.00326846 0.99795878 0.74169451
0.00000000 0.00000000 0.00000000 1.00000000
26	27	22
0.99908514 -0.00152231 0.04273827 -4.56131481
0.00179320 0.99997854 -0.00630069 0.67513627
-0.04272776 0.00637156 0.99906644 0.38308641
0.00000000 0.00000000 0.00000000 1.00000000
27	28	22
0.99968266 0.00229621 0.02508602 -2.53934985
-0.00235130 0.99999489 0.00216692 -0.26521443
-0.02508091 -0.00222522 0.99968295 -0.02376689
0.00000000 0.00000000 0.00000000 1.00000000
28	29	22
0.99282752 0.00129575 0.11954847 -12.45700056
0.00049632 0.99988798 -0.01495938 1.58787403
-0.11955446 0.01491141 0.99271566 1.13524836
0.00000000 0.00000000 0.00000000 1.00000000
29	30	22
0.99914850 -0.00154146 0.04122972 -4.75195267
0.00157626 0.99999843 -0.00081151 0.08407999
-0.04122840 0.00087581 0.99914936 0.35489987
0.00000000 0.00000000 0.00000000 1.00000000
30	31	22
0.99929687 0.00430289 0.03724589 -3.92954500
-0.00409740 0.99997597 -0.00559178 0.61824280
-0.03726906 0.00543524 0.99929049 0.28605758
0.00000000 0.00000000 0.00000000 1.00000000
31	32	22
0.99582935 0.04841861 -0.07732747 9.46259374
-0.04819732 0.99882665 0.00472658 -0.31354705
0.07746560 -0.00097989 0.99699454 0.00267476
0.00000000 0.00000000 0.00000000 1.00000000
32	33	22
1.00000000 0.00000000 0.00000000 -0.00000000
0.00000000 1.00000000 0.00000000 -0.00000000
0.00000000 0.00000000 1.00000000 -0.00000000
0.00000000 0.00000000 0.00000000 1.00000000
33	34	22
1.00000000 -0.00000000 -0.00000000 0.00000000
-0.00000000 1.00000000 -0.00000000 0.00000000
-0.00000000 -0.00000000 1.00000000 0.00000000
0.00000000 0.00000000 0.00000000 1.00000000
34	35	22
0.99723885 0.02185193 0.07097301 -3.85028037
-0.02471266 0.99890670 0.03968240 -3.99159203
-0.07002828 -0.04132676 0.99668859 1.82014797
0.00000000 0.00000000 0.00000000 1.00000000
35	36	22
0.99947752 0.01875064 -0.02632665 3.12894809
-0.01914667 0.99970607 -0.01487229 2.12231115
0.02604005 0.01536859 0.99954276 -0.49486567
0.00000000 0.00000000 0.00000000 1.00000000
36	37	22
0.99980858 -0.00228388 0.01943184 -2.02331142
0.00228494 0.99999739 -0.00003257 -0.07302113
-0.01943172 0.00007696 0.99981118 0.57020977
0.00000000 0.00000000 0.00000000 1.00000000
37	38	22
0.99939390 0.01337322 0.03214015 -3.40830257
-0.01252754 0.99957372 -0.02637112 3.33679971
-0.03247911 0.02595250 0.99913541 1.47057047
0.00000000 0.00000000 0.00000000 1.00000000
38	39	22
0.98925052 0.02530098 -0.14402525 17.46325148
-0.02303064 0.99958317 0.01740917 -1.28973495
0.14440569 -0.01390504 0.98942086 -3.36390115
0.00000000 0.00000000 0.00000000 1.00000000
39	40	22
0.99999234 -0.00051204 0.00387963 -0.38898969
0.00051849 0.99999848 -0.00166280 0.15896358
-0.00387877 0.00166480 0.99999109 0.15535206
0.00000000 0.00000000 0.00000000 1.00000000
40	41	22
1.00000000 -0.00000000 -0.00000000 0.00000000
-0.00000000 1.00000000 -0.00000000 0.00000000
-0.00000000 -0.00000000 1.00000000 0.00000000
0.00000000 0.00000000 0.00000000 1.00000000
41	42	22
0.99091054 0.12611444 0.04681293 -4.20476891
-0.12387755 0.99113776 -0.04796146 10.57522009
-0.05244670 0.04172644 0.99775160 2.42190041
0.00000000 0.00000000 0.00000000 1.00000000
42	43	22
0.99972371 0.00941297 -0.02153811 2.64521158
-0.00881472 0.99957728 0.02770476 -2.72864808
0.02178979 -0.02750726 0.99938409 -1.14787759
0.00000000 0.00000000 0.00000000 1.00000000
43	44	22
0.98072852 0.19537322 0.00093108 1.95107239
-0.19500924 0.97917083 -0.05653207 15.83965762
-0.01195654 0.05526104 0.99840035 0.96707997
0.00000000 0.00000000 0.00000000 1.00000000
44	45	22
0.99990697 -0.01196639 -0.00654601 0.71194725
0.01196082 0.99992807 -0.00088837 -0.60235815
0.00655617 0.00081000 0.99997818 -0.38816659
0.00000000 0.00000000 0.00000000 1.00000000
45	46	22
0.99998289 0.00106327 -0.00575150 0.65334069
-0.00105707 0.99999886 0.00108068 -0.05333570
0.00575264 -0.00107458 0.99998288 -0.36319968
0.00000000 0.00000000 0.00000000 1.00000000
46	47	22
0.95865490 -0.26424873 -0.10560966 13.65783889
0.27486712 0.95592617 0.10321443 -30.08110166
0.07368075 -0.12797564 0.98903659 -4.19785796
0.00000000 0.00000000 0.00000000 1.00000000
47	48	22
0.94556914 -0.08870095 -0.31309926 38.34951963
0.07041238 0.99511013 -0.06926700 2.98371015
0.31771230 0.04345068 0.94719108 -15.18227197
0.00000000 0.00000000 0.00000000 1.00000000
48	49	22
0.99862684 -0.00245659 -0.05232969 5.99448916
-0.00045426 0.99845631 -0.05554083 6.12120576
0.05238535 0.05548833 0.99708416 -3.15796467
0.00000000 0.00000000 0.00000000 1.00000000
49	50	22
0.99907479 0.01930604 -0.03842975 4.44337986
-0.02302831 0.99483074 -0.09890144 12.60381911
0.03632170 0.09969491 0.99435490 -1.54237712
0.00000000 0.00000000 0.00000000 1.00000000
50	51	22
0.99946122 0.03083771 -0.01123843 1.61093187
-0.03070380 0.99945770 0.01189920 1.18435257
0.01159928 -0.01154773 0.99986604 -0.98858086
0.00000000 0.00000000 0.00000000 1.00000000
51	52	22
0.99984920 -0.00064662 0.01735394 -1.54852137
0.00063006 0.99999934 0.00095973 -0.15497774
-0.01735455 -0.00094865 0.99984895 1.47165036
0.00000000 0.00000000 0.00000000 1.00000000
52	53	22
0.99999119 0.00418652 0.00031608 0.02694467
-0.00418625 0.99999088 -0.00084979 0.47885735
-0.00031964 0.00084846 0.99999959 0.02415276
0.00000000 0.00000000 0.00000000 1.00000000
53	54	22
0.99980178 0.00228861 -0.01977797 2.22628689
-0.00223237 0.99999340 0.00286477 -0.09268055
0.01978440 -0.00282005 0.99980029 -1.93248321
0.00000000 0.00000000 0.00000000 1.00000000
54	55	22
0.99874567 0.02720200 -0.04203734 4.88322133
-0.02722287 0.99962939 0.00007595 2.69202690
0.04202383 0.00106853 0.99911604 -4.10038044
0.00000000 0.00000000 0.00000000 1.00000000
55	56	22
0.95454373 0.00801269 -0.29796319 37.21960265
-0.00586008 0.99994989 0.00811707 -0.34341447
0.29801330 -0.00600201 0.95454285 -24.44947163
0.00000000 0.00000000 0.00000000 1.00000000
56	57	22
0.99998169 0.00135822 -0.00589774 0.68168873
-0.00135459 0.99999889 0.00061925 0.07441669
0.00589858 -0.00061125 0.99998242 -0.62271097
0.00000000 0.00000000 0.00000000 1.00000000
57	58	22
1.00000000 0.00000000 -0.00000000 0.00000000
-0.00000000 1.00000000 -0.00000000 0.00000000
0.00000000 0.00000000 1.00000000 0.00000000
0.00000000 0.00000000 0.00000000 1.00000000
58	59	22
0.99982558 0.01105624 -0.01505238 1.93077494
-0.01091315 0.99989480 0.00955504 0.17494811
0.01515644 -0.00938910 0.99984105 -1.78179720
0.00000000 0.00000000 0.00000000 1.00000000
59	60	22
0.99868463 0.05080651 -0.00690685 1.18643583
-0.05044713 0.99771877 0.04485908 1.09122633
0.00917023 -0.04445165 0.99896945 -1.13208524
0.00000000 0.00000000 0.00000000 1.00000000
60	61	22
0.99890542 -0.00930658 -0.04584039 4.88180401
0.00923065 0.99995565 -0.00186796 -0.90978441
0.04585574 0.00144278 0.99894703 -5.53517649
0.00000000 0.00000000 0.00000000 1.00000000
61	62	22
0.99924008 0.03874639 0.00424062 -0.01742811
-0.03854561 0.99845160 -0.04010772 8.58091806
-0.00578809 0.03991379 0.99918636 0.98618456
0.00000000 0.00000000 0.00000000 1.00000000
62	63	22
0.99970989 -0.01425114 0.01941752 -1.85155768
0.01437444 0.99987730 -0.00622535 -1.28603372
-0.01932642 0.00650266 0.99979208 2.52843792
0.00000000 0.00000000 0.00000000 1.00000000
63	64	22
0.99563011 -0.00746477 -0.09308580 10.79488800
0.00665701 0.99993747 -0.00898515 0.01292628
0.09314705 0.00832621 0.99561755 -11.69322395
0.00000000 0.00000000 0.00000000 1.00000000
64	65	22
0.99857967 -0.00201771 0.05324063 -4.65446720
0.00374901 0.99946670 -0.03243860 2.46514197
-0.05314678 0.03259213 0.99805469 7.65326459
0.00000000 0.00000000 0.00000000 1.00000000
65	66	22
1.00000000 0.00000000 -0.00000000 0.00000000
0.00000000 1.00000000 -0.00000000 0.00000000
-0.00000000 -0.00000000 1.00000000 -0.00000000
0.00000000 0.00000000 0.00000000 1.00000000
66	67	22
0.99977748 0.00072024 0.02108245 -1.87933176
-0.00083055 0.99998601 0.00522421 -0.37701656
-0.02107839 -0.00524056 0.99976409 2.96676193
0.00000000 0.00000000 0.00000000 1.00000000
67	68	22
0.99959749 0.02809280 -0.00395743 0.68411471
-0.02807587 0.99959668 0.00426879 3.67769339
0.00407576 -0.00415596 0.99998306 -0.61499032
0.00000000 0.00000000 0.00000000 1.00000000
68	69	22
0.99920631 0.02125284 -0.03369081 3.79721559
-0.02251423 0.99904245 -0.03751380 7.12516873
0.03286128 0.03824255 0.99872801 -4.33687049
0.00000000 0.00000000 0.00000000 1.00000000
69	70	22
0.99724521 0.06947770 -0.02597760 3.46917808
-0.06822575 0.99659409 0.04631929 6.00695365
0.02910728 -0.04441935 0.99858885 -4.87607210
0.00000000 0.00000000 0.00000000 1.00000000
70	71	22
0.99979107 0.02042391 -0.00082705 0.25345117
-0.02043728 0.99954242 -0.02229935 5.22664065
0.00037124 0.02231159 0.99975100 0.11383547
0.00000000 0.00000000 0.00000000 1.00000000
71	72	22
0.99995524 -0.00926615 0.00191113 -0.25693300
0.00927409 0.99994822 -0.00418998 -1.05889461
-0.00187221 0.00420752 0.99998940 0.32874200
0.00000000 0.00000000 0.00000000 1.00000000
72	73	22
0.99979013 -0.01704795 -0.01136019 1.01848457
0.01746593 0.99913378 0.03777080 -6.42239551
0.01070644 -0.03796129 0.99922185 -1.91395891
0.00000000 0.00000000 0.00000000 1.00000000
73	74	22
0.99909735 0.02974524 0.03032662 -1.97277844
-0.03089580 0.99879223 0.03820375 1.65983934
-0.02915361 -0.03910623 0.99880968 4.33791572
0.00000000 0.00000000 0.00000000 1.00000000
74	75	22
0.99997635 0.00683771 0.00074061 0.07726589
-0.00683528 0.99997141 -0.00323267 1.39452031
-0.00076270 0.00322753 0.99999450 0.16179439
0.00000000 0.00000000 0.00000000 1.00000000
75	76	22
0.99988697 0.01046282 0.01079747 -0.85553750
-0.00998589 0.99901146 -0.04331737 5.75409707
-0.01124002 0.04320465 0.99900301 2.38672785
0.00000000 0.00000000 0.00000000 1.00000000
76	77	22
0.99989166 0.01123965 0.00950449 -0.58977302
-0.01122474 0.99993569 -0.00162043 2.00669976
-0.00952209 0.00151357 0.99995352 1.53648698
0.00000000 0.00000000 0.00000000 1.00000000
77	78	22
0.99309451 -0.00390863 -0.11725194 12.36040808
-0.00186768 0.99879145 -0.04911373 4.98341681
0.11730220 0.04899357 0.99188700 -18.75809381
0.00000000 0.00000000 0.00000000 1.00000000
78	79	22
1.00000000 0.00000000 -0.00000000 -0.00000000
-0.00000000 1.00000000 -0.00000000 0.00000000
-0.00000000 0.00000000 1.00000000 0.00000000
0.00000000 0.00000000 0.00000000 1.00000000
79	80	22
0.99996967 -0.00686922 -0.00367080 0.27805002
0.00686454 0.99997561 -0.00128691 -1.10062566
0.00367955 0.00126168 0.99999243 -0.65817825
0.00000000 0.00000000 0.00000000 1.00000000
80	81	22
0.99487918 -0.07012692 -0.07278486 7.13926644
0.06709623 0.99680722 -0.04328351 -8.06717606
0.07558781 0.03817827 0.99640800 -12.78421282
0.00000000 0.00000000 0.00000000 1.00000000
81	82	22
0.99958790 0.00973348 0.02700523 -2.17780973
-0.00933296 0.99984517 -0.01491781 2.93061884
-0.02714625 0.01465963 0.99952397 4.93647099
0.00000000 0.00000000 0.00000000 1.00000000
82	83	22
1.00000000 -0.00000000 0.00000000 -0.00000000
0.00000000 1.00000000 0.00000000 -0.00000000
-0.00000000 -0.00000000 1.00000000 0.00000000
0.00000000 0.00000000 0.00000000 1.00000000
83	84	22
0.99949069 0.00031209 0.03191028 -2.45143355
-0.00036314 0.99999866 0.00159424 -0.06538836
-0.03190974 -0.00160502 0.99948947 5.81888483
0.00000000 0.00000000 0.00000000 1.00000000
84	85	22
0.99525300 -0.03758807 -0.08976977 9.28646418
0.03269127 0.99792838 -0.05540971 -0.94880752
0.09166654 0.05221199 0.99442001 -15.96618887
0.00000000 0.00000000 0.00000000 1.00000000
85	86	22
0.99999961 0.00033803 0.00082145 -0.06773849
-0.00033741 0.99999966 -0.00075865 0.13401890
-0.00082171 0.00075837 0.99999937 0.17171059
0.00000000 0.00000000 0.00000000 1.00000000
86	87	22
0.99976198 0.02112927 0.00543428 -0.27261996
-0.02112342 0.99977624 -0.00113053 4.05423738
-0.00545695 0.00101547 0.99998460 1.24900334
0.00000000 0.00000000 0.00000000 1.00000000
87	88	22
1.00000000 0.00000000 0.00000000 -0.00000000
-0.00000000 1.00000000 0.00000000 0.00000000
-0.00000000 -0.00000000 1.00000000 0.00000000
0.00000000 0.00000000 0.00000000 1.00000000
88	89	22
0.99970807 -0.00022598 -0.02416029 2.35740611
0.00046341 0.99995165 0.00982225 -1.03837189
0.02415690 -0.00983058 0.99965984 -4.83925996
0.00000000 0.00000000 0.00000000 1.00000000
89	90	22
0.99947008 0.00383316 -0.03232430 3.26429807
-0.00376065 0.99999028 0.00230374 0.49892059
0.03233281 -0.00218096 0.99947478 -5.96021460
0.00000000 0.00000000 0.00000000 1.00000000
90	91	22
0.99526083 -0.00847836 -0.09687101 10.54423518
0.00885180 0.99995495 0.00342582 -2.07174664
0.09683760 -0.00426707 0.99529105 -17.96796731
0.00000000 0.00000000 0.00000000 1.00000000
91	92	22
0.99994895 0.00041096 -0.01009582 1.06197699
-0.00053196 0.99992804 -0.01198478 1.29562832
0.01009017 0.01198954 0.99987721 -1.83976205
0.00000000 0.00000000 0.00000000 1.00000000
92	93	22
0.99953599 0.01503119 0.02649289 -2.48629463
-0.01469156 0.99980797 -0.01296826 4.37063340
-0.02668273 0.01257302 0.99956488 5.64845503
0.00000000 0.00000000 0.00000000 1.00000000
93	94	22
0.97325969 -0.00547914 0.22964225 -19.76540100
-0.00406638 0.99914787 0.04107308 -3.75992275
-0.22967161 -0.04090859 0.97240806 50.00979345
0.00000000 0.00000000 0.00000000 1.00000000
94	95	22
0.99676594 0.07503800 0.02875692 -1.94275901
-0.07579730 0.99677658 0.02629103 12.71362187
-0.02669140 -0.02838570 0.99924062 5.41114948
0.00000000 0.00000000 0.00000000 1.00000000
95	96	22
0.99970972 0.02243379 0.00878667 -0.82320745
-0.02247804 0.99973498 0.00497029 4.11485055
-0.00867284 -0.00516636 0.99994904 1.81872258
0.00000000 0.00000000 0.00000000 1.00000000
96	97	22
0.99953443 -0.00372807 -0.03028252 3.80610971
0.00362162 0.99998707 -0.00356923 -0.28066741
0.03029544 0.00345789 0.99953501 -5.94979437
0.00000000 0.00000000 0.00000000 1.00000000
97	98	22
0.99661445 -0.02652310 -0.07782135 10.16566041
0.03012005 0.99851395 0.04541666 -11.85705081
0.07650112 -0.04760688 0.99593231 -15.38523099
0.00000000 0.00000000 0.00000000 1.00000000
98	99	22
0.99896385 -0.00085294 -0.04550263 6.35519570
0.00093176 0.99999810 0.00171104 -0.42826708
0.04550109 -0.00175167 0.99896275 -8.88821630
0.00000000 0.00000000 0.00000000 1.00000000
99	100	22
0.99997193 0.00159751 0.00732078 -0.99680815
-0.00159504 0.99999867 -0.00034296 0.39121984
-0.00732132 0.00033128 0.99997314 1.60452829
0.00000000 0.00000000 0.00000000 1.00000000
100	101	22
0.99915724 0.00419011 0.04083194 -5.27991320
-0.00407834 0.99998771 -0.00282028 1.24789284
-0.04084326 0.00265138 0.99916205 8.92153452
0.00000000 0.00000000 0.00000000 1.00000000
101	102	22
0.99853086 0.00121020 0.05417246 -7.88149851
-0.00134217 0.99999622 0.00239973 -0.05408906
-0.05416935 -0.00246892 0.99852871 12.03752334
0.00000000 0.00000000 0.00000000 1.00000000
102	103	22
0.99993575 0.00462045 -0.01035089 1.38876312
-0.00461963 0.99998932 0.00010296 0.98509262
0.01035126 -0.00005514 0.99994642 -2.15630178
0.00000000 0.00000000 0.00000000 1.00000000
103	104	22
0.99997034 -0.00383233 -0.00668012 0.96207025
0.00380302 0.99998312 -0.00439363 -0.12766362
0.00669684 0.00436810 0.99996804 -1.31550805
0.00000000 0.00000000 0.00000000 1.00000000
104	105	22
0.99685438 0.00834463 0.07881446 -10.63733240
-0.00897641 0.99993033 0.00766524 0.79377449
-0.07874501 -0.00834860 0.99685983 17.50337662
0.00000000 0.00000000 0.00000000 1.00000000
105	106	22
0.99772481 0.01348653 0.06605536 -9.20391295
-0.01267449 0.99983906 -0.01269704 4.65910413
-0.06621597 0.01183094 0.99773517 15.22960697
0.00000000 0.00000000 0.00000000 1.00000000
106	107	22
0.99592181 -0.08977249 0.00898006 -1.36003004
0.08950977 0.99563851 0.02630514 -23.27699998
-0.01130237 -0.02539406 0.99961362 2.47745279
0.00000000 0.00000000 0.00000000 1.00000000
107	108	22
0.99996965 -0.00655078 -0.00421707 0.57704366
0.00655454 0.99997813 0.00087902 -1.52138980
0.00421122 -0.00090663 0.99999072 -0.41245088
0.00000000 0.00000000 0.00000000 1.00000000
108	109	22
0.98866157 -0.00037674 -0.15016042 24.34981793
0.00908942 0.99831331 0.05734043 -10.34289282
0.14988554 -0.05805516 0.98699743 -29.27830567
0.00000000 0.00000000 0.00000000 1.00000000
109	110	22
0.99865045 -0.00607536 -0.05157884 8.09211257
0.00624778 0.99997542 0.00318228 -1.76656161
0.05155824 -0.00350024 0.99866386 -9.92289130
0.00000000 0.00000000 0.00000000 1.00000000
110	111	22
1.00000000 -0.00000000 -0.00000000 0.00000000
0.00000000 1.00000000 -0.00000000 -0.00000000
0.00000000 0.00000000 1.00000000 0.00000000
0.00000000 0.00000000 0.00000000 1.00000000
111	112	22
1.00000000 0.00000000 -0.00000000 0.00000000
0.00000000 1.00000000 0.00000000 -0.00000000
-0.00000000 0.00000000 1.00000000 0.00000000
0.00000000 0.00000000 0.00000000 1.00000000
112	113	22
0.99999669 0.00116266 -0.00229743 0.36238138
-0.00117755 0.99997823 -0.00649286 1.21080671
0.00228983 0.00649555 0.99997628 -0.38402674
0.00000000 0.00000000 0.00000000 1.00000000
113	114	22
0.97454521 0.20880298 0.08162684 -5.79115226
-0.20189151 0.97567662 -0.08541046 52.70013154
-0.09747536 0.06675659 0.99299653 21.09295506
0.00000000 0.00000000 0.00000000 1.00000000
114	115	22
1.00000000 0.00000000 0.00000000 -0.00000000
0.00000000 1.00000000 0.00000000 -0.00000000
0.00000000 0.00000000 1.00000000 -0.00000000
0.00000000 0.00000000 0.00000000 1.00000000
115	116	22
1.00000000 -0.00000000 0.00000000 0.00000000
0.00000000 1.00000000 0.00000000 -0.00000000
0.00000000 -0.00000000 1.00000000 -0.00000000
0.00000000 0.00000000 0.00000000 1.00000000
116	117	22
0.99996564 -0.00777474 0.00287608 -0.53585908
0.00772993 0.99985344 0.01527549 -3.92226918
-0.00299443 -0.01525273 0.99987919 0.41311843
0.00000000 0.00000000 0.00000000 1.00000000
117	118	22
0.99998510 -0.00544521 0.00039930 -0.10460739
0.00544573 0.99998430 -0.00131676 -0.75225811
-0.00039213 0.00131891 0.99999905 0.07782084
0.00000000 0.00000000 0.00000000 1.00000000
118	119	22
0.99989525 -0.01420418 0.00277988 -0.59231261
0.01420870 0.99989775 -0.00161060 -2.22735920
-0.00275671 0.00164993 0.99999484 0.53089324
0.00000000 0.00000000 0.00000000 1.00000000
119	120	22
0.99794207 -0.03030274 0.05650998 -9.25810861
0.03210086 0.99899793 -0.03118782 -0.29313921
-0.05550828 0.03293765 0.99791480 10.13200453
0.00000000 0.00000000 0.00000000 1.00000000
120	121	22
0.99973459 -0.01723073 -0.01529226 2.38553982
0.01705595 0.99978855 -0.01148695 -1.04967858
0.01548696 0.01122308 0.99981708 -2.19894746
0.00000000 0.00000000 0.00000000 1.00000000
121	122	22
0.99993904 0.00266173 -0.01071573 1.66926645
-0.00260921 0.99998453 0.00491308 -0.36313835
0.01072864 -0.00488482 0.99993052 -1.75556586
0.00000000 0.00000000 0.00000000 1.00000000
122	123	22
0.99995766 0.00836974 0.00382381 -0.55308680
-0.00834372 0.99994228 -0.00676939 2.43895663
-0.00388024 0.00673720 0.99996978 0.70237726
0.00000000 0.00000000 0.00000000 1.00000000
123	124	22
0.99851274 -0.00369222 -0.05439374 8.61143284
0.00426121 0.99993738 0.01034829 -2.24880850
0.05435212 -0.01056469 0.99846594 -8.16929912
0.00000000 0.00000000 0.00000000 1.00000000
124	125	22
0.99998976 -0.00425409 -0.00154170 0.16759543
0.00425550 0.99999053 0.00090883 -0.77711784
0.00153782 -0.00091538 0.99999840 -0.23448822
0.00000000 0.00000000 0.00000000 1.00000000
125	126	22
0.99948672 0.00472042 -0.03168610 4.96126542
-0.00466600 0.99998751 0.00179131 0.38088826
0.03169416 -0.00164255 0.99949626 -4.41229787
0.00000000 0.00000000 0.00000000 1.00000000
126	127	22
0.99923559 -0.00370889 0.03891633 -6.41072775
0.00353341 0.99998328 0.00457700 -1.25951332
-0.03893266 -0.00443600 0.99923199 5.57868168
0.00000000 0.00000000 0.00000000 1.00000000
127	128	22
0.99957455 0.00106405 -0.02914770 4.59068286
-0.00098896 0.99999616 0.00259036 -0.27324293
0.02915035 -0.00256044 0.99957176 -3.81190867
0.00000000 0.00000000 0.00000000 1.00000000
128	129	22
0.99998445 0.00446338 -0.00334425 0.57111930
-0.00444476 0.99997471 0.00555250 -0.37644431
0.00336895 -0.00553755 0.99997899 -0.42598852
0.00000000 0.00000000 0.00000000 1.00000000
129	130	22
0.97907463 0.13752186 -0.15000202 26.88466771
-0.13437288 0.99044647 0.03097934 11.60715939
0.15282931 -0.01017488 0.98820022 -17.01149739
0.00000000 0.00000000 0.00000000 1.00000000
130	131	22
0.99995869 -0.00619630 0.00664981 -1.28027014
0.00603228 0.99968387 0.02440831 -4.58676964
-0.00679895 -0.02436719 0.99967996 0.60987862
0.00000000 0.00000000 0.00000000 1.00000000
131	132	22
1.00000000 0.00000000 -0.00000000 0.00000000
-0.00000000 1.00000000 0.00000000 0.00000000
0.00000000 -0.00000000 1.00000000 0.00000000
0.00000000 0.00000000 0.00000000 1.00000000
132	133	22
1.00000000 -0.00000000 0.00000000 0.00000000
0.00000000 1.00000000 -0.00000000 0.00000000
0.00000000 -0.00000000 1.00000000 -0.00000000
0.00000000 0.00000000 0.00000000 1.00000000
133	134	22
0.99830028 0.03542129 -0.04628058 7.61898207
-0.03402625 0.99895265 0.03059121 -1.44421479
0.04731569 -0.02896446 0.99845996 -4.85442275
0.00000000 0.00000000 0.00000000 1.00000000
134	135	22
0.99978949 -0.00929637 -0.01829086 2.86632674
0.00892650 0.99975610 -0.02020049 2.36028476
0.01847419 0.02003297 0.99962862 -1.58811448
0.00000000 0.00000000 0.00000000 1.00000000
135	136	22
0.99937419 -0.03049002 -0.01793300 2.74344648
0.03083982 0.99933285 0.01956412 -6.21461910
0.01732452 -0.02010493 0.99964776 -1.86501991
0.00000000 0.00000000 0.00000000 1.00000000
136	137	22
0.99993568 -0.01019995 -0.00495908 0.70550825
0.01024042 0.99991391 0.00820453 -2.20146207
0.00487497 -0.00825479 0.99995405 -0.46076740
0.00000000 0.00000000 0.00000000 1.00000000
137	138	22
0.94629313 0.01179879 -0.32309457 57.29938296
-0.03594825 0.99697713 -0.06887907 14.31237178
0.32130521 0.07679447 0.94385675 -17.72815335
0.00000000 0.00000000 0.00000000 1.00000000
138	139	22
0.99929957 0.02112923 0.03088578 -5.04733356
-0.02111402 0.99977674 -0.00081840 1.91250146
-0.03089618 0.00016570 0.99952259 2.68415089
0.00000000 0.00000000 0.00000000 1.00000000
139	140	22
0.99991020 -0.00557248 0.01218768 -2.20258708
0.00555431 0.99998341 0.00152463 -0.62910373
-0.01219598 -0.00145680 0.99992457 0.71225837
0.00000000 0.00000000 0.00000000 1.00000000
140	141	22
0.91791422 -0.37625947 -0.12594560 22.60058222
0.38548986 0.92085693 0.05848149 -38.19609800
0.09397366 -0.10223174 0.99031188 -5.36831417
0.00000000 0.00000000 0.00000000 1.00000000
141	142	22
0.98289512 0.00910309 -0.18394104 31.59696914
-0.01048600 0.99992359 -0.00654692 1.82452679
0.18386739 0.00836374 0.98291547 -9.72512649
0.00000000 0.00000000 0.00000000 1.00000000
142	143	22
0.99997445 0.00072295 0.00711238 -1.30661020
-0.00069926 0.99999420 -0.00333376 0.60684516
-0.00711475 0.00332870 0.99996915 0.61773539
0.00000000 0.00000000 0.00000000 1.00000000
143	144	22
0.97002380 0.00469111 0.24296465 -40.63359716
-0.00068027 0.99986216 -0.01658918 2.92091254
-0.24300899 0.01592662 0.96989328 18.40065906
0.00000000 0.00000000 0.00000000 1.00000000
144	145	22
0.99998674 -0.00059562 -0.00511431 0.86215963
0.00061094 0.99999533 0.00299519 -0.53484832
0.00511251 -0.00299828 0.99998244 -0.25423968
0.00000000 0.00000000 0.00000000 1.00000000
145	146	22
0.98678099 0.05918958 -0.15086374 25.78619529
-0.04309598 0.99323813 0.10779964 -15.76615812
0.15622424 -0.09987302 0.98265934 -5.22200815
0.00000000 0.00000000 0.00000000 1.00000000
146	147	22
1.00000000 0.00000000 -0.00000000 -0.00000000
0.00000000 1.00000000 -0.00000000 0.00000000
-0.00000000 0.00000000 1.00000000 -0.00000000
0.00000000 0.00000000 0.00000000 1.00000000
147	148	22
0.99993971 0.00612475 0.00911435 -1.56424753
-0.00602773 0.99992528 -0.01063458 2.10016670
-0.00917880 0.01057900 0.99990191 0.43810050
0.00000000 0.00000000 0.00000000 1.00000000
148	149	22
0.99970078 0.02035306 -0.01356854 2.29413634
-0.01940050 0.99756572 0.06697946 -10.54630797
0.01489875 -0.06669618 0.99766209 -0.37733949
0.00000000 0.00000000 0.00000000 1.00000000
149	150	22
1.00000000 -0.00000000 -0.00000000 0.00000000
0.00000000 1.00000000 -0.00000000 0.00000000
0.00000000 0.00000000 1.00000000 0.00000000
0.00000000 0.00000000 0.00000000 1.00000000
150	151	22
0.99999799 0.00152155 -0.00130487 0.17324122
-0.00152086 0.99999870 0.00053083 -0.06393892
0.00130568 -0.00052885 0.99999901 -0.04497277
0.00000000 0.00000000 0.00000000 1.00000000
151	152	22
1.00000000 0.00000000 -0.00000000 0.00000000
-0.00000000 1.00000000 0.00000000 -0.00000000
0.00000000 -0.00000000 1.00000000 -0.00000000
0.00000000 0.00000000 0.00000000 1.00000000
152	153	22
0.99999889 0.00122424 0.00084478 -0.15111721
-0.00122432 0.99999925 0.00009554 0.00338342
-0.00084467 -0.00009658 0.99999964 0.01788083
0.00000000 0.00000000 0.00000000 1.00000000
153	154	22
0.99982582 -0.01279556 -0.01358722 2.07017447
0.01225118 0.99914761 -0.03942038 6.44903269
0.01408004 0.03924706 0.99913033 0.15446235
0.00000000 0.00000000 0.00000000 1.00000000
154	155	22
0.97961534 -0.00247126 0.20086733 -35.87880657
0.02180004 0.99532671 -0.09407175 16.71961190
-0.19969614 0.09653305 0.97509119 6.16693676
0.00000000 0.00000000 0.00000000 1.00000000
155	156	22
0.99906595 -0.03592833 0.02400788 -4.30306535
0.03553175 0.99922824 0.01674596 -3.03146310
-0.02459101 -0.01587728 0.99957151 0.19144261
0.00000000 0.00000000 0.00000000 1.00000000
156	157	22
0.98929638 -0.00736470 -0.14573412 24.60960245
0.00829126 0.99994909 0.00575150 -1.03270504
0.14568435 -0.00689825 0.98930707 0.86419487
0.00000000 0.00000000 0.00000000 1.00000000
157	158	22
0.99890693 0.02975557 -0.03604927 6.20002400
-0.02940136 0.99951445 0.01031641 -1.69764882
0.03633874 -0.00924524 0.99929676 -0.00335308
0.00000000 0.00000000 0.00000000 1.00000000
158	159	22
0.99984887 -0.00641298 0.01615903 -2.99504046
0.00640514 0.99997934 0.00053712 -0.10350877
-0.01616214 -0.00043354 0.99986929 0.01978305
0.00000000 0.00000000 0.00000000 1.00000000
159	160	22
0.99903676 -0.01308894 -0.04188365 6.85619607
0.01300508 0.99991284 -0.00227419 0.39633168
0.04190977 0.00172730 0.99911991 0.10318225
0.00000000 0.00000000 0.00000000 1.00000000
160	161	22
0.99663340 -0.01552259 0.08050411 -14.99987223
0.01537023 0.99987872 0.00251190 -0.39105676
-0.08053334 -0.00126607 0.99675111 0.56067422
0.00000000 0.00000000 0.00000000 1.00000000
161	162	22
1.00000000 -0.00000000 -0.00000000 0.00000000
0.00000000 1.00000000 0.00000000 -0.00000000
-0.00000000 0.00000000 1.00000000 0.00000000
0.00000000 0.00000000 0.00000000 1.00000000
162	163	22
0.99958343 -0.00517683 -0.02839314 5.02367660
0.00507990 0.99998102 -0.00348508 0.66364758
0.02841064 0.00333940 0.99959076 0.52241819
0.00000000 0.00000000 0.00000000 1.00000000
163	164	22
0.97169764 0.13461345 0.19412088 -34.63575979
-0.16968157 0.96945686 0.17709197 -32.80502740
-0.16435285 -0.20501858 0.96486036 5.57766538
0.00000000 0.00000000 0.00000000 1.00000000
164	165	22
0.99858678 -0.00717463 0.05265904 -9.13891954
0.01359739 0.99235744 -0.12264514 22.02987326
-0.05137666 0.12318784 0.99105257 1.84806974
0.00000000 0.00000000 0.00000000 1.00000000
165	166	22
0.99392049 0.00344295 0.11004642 -20.44477886
-0.00149002 0.99984003 -0.01782375 3.28224807
-0.11009018 0.01755141 0.99376662 1.57356537
0.00000000 0.00000000 0.00000000 1.00000000
166	167	22
0.99999871 -0.00044225 0.00154699 -0.27572378
0.00044163 0.99999982 0.00040073 -0.07127846
-0.00154717 -0.00040005 0.99999872 0.00064979
0.00000000 0.00000000 0.00000000 1.00000000
167	168	22
0.99997838 -0.00011469 -0.00657463 1.24800882
0.00012089 0.99999955 0.00094300 -0.17790469
0.00657452 -0.00094378 0.99997794 0.03418639
0.00000000 0.00000000 0.00000000 1.00000000
168	169	22
0.99953348 0.00616721 -0.02991288 5.88682824
-0.00488746 0.99907733 0.04266855 -8.42742774
0.03014843 -0.04250245 0.99864138 0.41185434
0.00000000 0.00000000 0.00000000 1.00000000
169	170	22
0.99996833 -0.00711739 -0.00356068 0.83306698
0.00709442 0.99995421 -0.00642300 1.34256929
0.00360624 0.00639753 0.99997303 0.00577363
0.00000000 0.00000000 0.00000000 1.00000000
170	171	22
0.99940561 -0.01126643 0.03258049 -6.90044014
0.01149498 0.99991056 -0.00683592 1.45194841
-0.03250056 0.00720637 0.99944574 0.11170639
0.00000000 0.00000000 0.00000000 1.00000000
171	172	22
1.00000000 0.00000000 0.00000000 -0.00000000
0.00000000 1.00000000 -0.00000000 0.00000000
0.00000000 -0.00000000 1.00000000 -0.00000000
0.00000000 0.00000000 0.00000000 1.00000000
172	173	22
0.99999824 -0.00030433 -0.00185001 0.38989201
0.00030423 0.99999995 -0.00005404 0.01482230
0.00185003 0.00005348 0.99999829 0.03317230
0.00000000 0.00000000 0.00000000 1.00000000
173	174	22
0.99781449 -0.00228733 0.06603799 -14.39155513
0.00224732 0.99999724 0.00068022 -0.13536127
-0.06603936 -0.00053033 0.99781688 0.17903357
0.00000000 0.00000000 0.00000000 1.00000000
174	175	22
0.99974118 0.00730482 -0.02154558 4.98680096
-0.00658184 0.99941913 0.03343776 -7.62524843
0.02177732 -0.03328730 0.99920854 0.15870448
0.00000000 0.00000000 0.00000000 1.00000000
175	176	22
0.99927498 0.00661889 0.03749270 -8.26986048
-0.00681414 0.99996387 0.00508244 -1.20954883
-0.03745771 -0.00533423 0.99928398 0.16974983
0.00000000 0.00000000 0.00000000 1.00000000
176	177	22
0.99750671 -0.01422620 -0.06912294 15.17209702
0.01432039 0.99989708 0.00086719 -0.00785890
0.06910349 -0.00185490 0.99760777 1.41686896
0.00000000 0.00000000 0.00000000 1.00000000
177	178	22
0.99762507 0.00813142 -0.06839667 15.58324901
-0.00910428 0.99986160 -0.01392422 3.07858716
0.06827399 0.01451386 0.99756103 1.91095047
0.00000000 0.00000000 0.00000000 1.00000000
178	179	22
0.99995961 -0.00898318 -0.00026845 -0.00323619
0.00897982 0.99990322 -0.01062573 2.57550226
0.00036388 0.01062289 0.99994351 0.19967369
0.00000000 0.00000000 0.00000000 1.00000000
179	180	22
0.99992478 0.01062174 -0.00613217 1.51493709
-0.01055191 0.99988036 0.01131015 -2.74737054
0.00625157 -0.01124459 0.99991724 -0.13493699
0.00000000 0.00000000 0.00000000 1.00000000
180	181	22
0.99969419 -0.00473106 -0.02427227 5.70679981
0.00442857 0.99991205 -0.01250098 2.92203697
0.02432928 0.01238966 0.99962722 0.55818234
0.00000000 0.00000000 0.00000000 1.00000000
181	182	22
0.99889303 -0.01069457 0.04580765 -10.67678629
0.01054688 0.99993838 0.00346456 -0.83338589
-0.04584188 -0.00297759 0.99894427 0.42502034
0.00000000 0.00000000 0.00000000 1.00000000
182	183	22
0.99871021 0.05031435 0.00680979 -1.27646629
-0.05024107 0.99868156 -0.01053492 2.40709994
-0.00733087 0.01017920 0.99992132 0.21666035
0.00000000 0.00000000 0.00000000 1.00000000
183	184	22
0.99468643 0.08605836 0.05650537 -12.21936890
-0.07734453 0.98690594 -0.14154321 32.65005249
-0.06794646 0.13642073 0.98831810 3.92211215
0.00000000 0.00000000 0.00000000 1.00000000
184	185	22
0.99984253 0.01450744 -0.01022016 2.77797402
-0.01449078 0.99989355 0.00170252 -0.34807165
0.01024377 -0.00155416 0.99994632 -0.11519507
0.00000000 0.00000000 0.00000000 1.00000000
185	186	22
0.99997248 0.00062039 0.00739307 -1.67660395
-0.00061837 0.99999977 -0.00027505 0.07011580
-0.00739323 0.00027047 0.99997263 0.09062473
0.00000000 0.00000000 0.00000000 1.00000000
186	187	22
0.99215088 -0.02828600 0.12180528 -27.81498703
0.02888834 0.99957758 -0.00318163 0.34582118
-0.12166383 0.00667541 0.99254892 3.38684567
0.00000000 0.00000000 0.00000000 1.00000000
187	188	22
0.98035501 0.00297146 -0.19721875 47.30000443
-0.00231372 0.99999097 0.00356543 -0.82219427
0.19722756 -0.00303908 0.98035303 1.86729746
0.00000000 0.00000000 0.00000000 1.00000000
188	189	22
0.99999107 0.00379354 0.00186233 -0.39567371
-0.00381069 0.99994952 0.00929722 -2.07903580
-0.00182697 -0.00930424 0.99995505 -0.00860166
0.00000000 0.00000000 0.00000000 1.00000000
189	190	22
0.99985587 0.01692230 0.00136737 -0.20893654
-0.01692822 0.99984683 0.00444404 -0.54889836
-0.00129196 -0.00446655 0.99998919 -0.03042348
0.00000000 0.00000000 0.00000000 1.00000000
190	191	22
0.99905616 0.03297846 0.02827026 -6.06273754
-0.03342079 0.99932396 0.01531922 -2.58273118
-0.02774595 -0.01624958 0.99948292 0.74080154
0.00000000 0.00000000 0.00000000 1.00000000
191	192	22
0.99998575 0.00457496 0.00275041 -0.60037744
-0.00461091 0.99990213 0.01320854 -2.86170404
-0.00268971 -0.01322104 0.99990898 0.02763387
0.00000000 0.00000000 0.00000000 1.00000000
192	193	22
0.99944338 0.01167606 0.03125050 -7.12880202
-0.01193317 0.99989636 0.00805362 -1.40819716
-0.03115323 -0.00842206 0.99947914 1.48376692
0.00000000 0.00000000 0.00000000 1.00000000
193	194	22
0.99975595 0.00751297 -0.02077468 5.11852950
-0.00744036 0.99996595 0.00357016 -0.52212549
0.02080079 -0.00341471 0.99977781 -0.87581895
0.00000000 0.00000000 0.00000000 1.00000000
194	195	22
0.99988805 -0.00052627 0.01495335 -3.32456191
0.00053631 0.99999963 -0.00066741 0.12024916
-0.01495299 0.00067535 0.99988797 0.72193618
0.00000000 0.00000000 0.00000000 1.00000000
195	196	22
0.93415476 -0.28423327 0.21579236 -47.47703070
0.22325599 0.93720011 0.26797893 -73.54412783
-0.27840915 -0.20215685 0.93894673 27.27894682
0.00000000 0.00000000 0.00000000 1.00000000
196	197	22
0.94339451 -0.26779411 -0.19568628 47.12319392
0.28972853 0.95256013 0.09320183 -37.00954184
0.16144404 -0.14462199 0.97622759 -3.88357929
0.00000000 0.00000000 0.00000000 1.00000000
197	198	22
0.96571274 -0.07867493 -0.24740484 61.11485732
0.07356699 0.99684382 -0.02983789 2.87006887
0.24897148 0.01061400 0.96845265 -6.04041465
0.00000000 0.00000000 0.00000000 1.00000000
198	199	22
0.99998894 -0.00085252 -0.00462493 1.09255536
0.00093036 0.99985753 0.01685416 -4.02643454
0.00460990 -0.01685827 0.99984726 -0.36262543
0.00000000 0.00000000 0.00000000 1.00000000
199	200	22
0.99981588 -0.01203927 -0.01494170 3.37101544
0.01209793 0.99991944 0.00384191 -1.67056916
0.01489424 -0.00402197 0.99988099 -1.19211176
0.00000000 0.00000000 0.00000000 1.00000000
200	201	22
0.99789005 0.00006351 -0.06492638 15.72964232
-0.00048602 0.99997881 -0.00649168 1.57225300
0.06492459 0.00650954 0.99786894 -3.74707688
0.00000000 0.00000000 0.00000000 1.00000000
201	202	22
0.99957482 0.00698506 -0.02830868 7.41359247
-0.00707508 0.99997022 -0.00308104 1.14713252
0.02828631 0.00328002 0.99959448 -2.15789233
0.00000000 0.00000000 0.00000000 1.00000000
202	203	22
0.99924680 0.01426551 -0.03608777 9.01785490
-0.01418165 0.99989611 0.00257867 0.46659207
0.03612081 -0.00206494 0.99934530 -2.59870257
0.00000000 0.00000000 0.00000000 1.00000000
203	204	22
1.00000000 0.00000000 0.00000000 -0.00000000
0.00000000 1.00000000 0.00000000 -0.00000000
0.00000000 0.00000000 1.00000000 0.00000000
0.00000000 0.00000000 0.00000000 1.00000000
204	205	22
0.99817935 0.03826791 -0.04662138 11.60889673
-0.04037888 0.99816104 -0.04521155 14.14275919
0.04480550 0.04701176 0.99788895 -2.85508663
0.00000000 0.00000000 0.00000000 1.00000000
205	206	22
0.99939965 -0.03443539 -0.00381446 0.70157681
0.03434973 0.99919720 -0.02061687 1.86727443
0.00452135 0.02047347 0.99978017 -0.14171766
0.00000000 0.00000000 0.00000000 1.00000000
206	207	22
0.99997847 0.00159954 -0.00636413 1.51550913
-0.00157142 0.99998900 0.00442000 -0.89295858
0.00637113 -0.00440990 0.99996998 -0.61257022
0.00000000 0.00000000 0.00000000 1.00000000
207	208	22
1.00000000 -0.00000000 -0.00000000 0.00000000
0.00000000 1.00000000 0.00000000 0.00000000
-0.00000000 0.00000000 1.00000000 0.00000000
0.00000000 0.00000000 0.00000000 1.00000000
208	209	22
1.00000000 0.00000000 -0.00000000 0.00000000
-0.00000000 1.00000000 -0.00000000 0.00000000
-0.00000000 0.00000000 1.00000000 0.00000000
0.00000000 0.00000000 0.00000000 1.00000000
209	210	22
0.99043148 -0.10925178 0.08431808 -18.46261498
0.11320981 0.99261100 -0.04366847 -1.82846146
-0.07892420 0.05279626 0.99548155 9.68974493
0.00000000 0.00000000 0.00000000 1.00000000
210	211	22
0.99330126 -0.08756452 0.07539931 -16.86713128
0.08287637 0.99455287 0.06321467 -23.19936333
-0.08052396 -0.05654239 0.99514765 8.96028579
0.00000000 0.00000000 0.00000000 1.00000000
211	212	22
0.99994080 0.00257082 -0.01057284 2.46277113
-0.00255571 0.99999569 0.00144197 -0.04933259
0.01057650 -0.00141487 0.99994307 -1.13884574
0.00000000 0.00000000 0.00000000 1.00000000
212	213	22
0.98888532 0.12348112 -0.08281453 22.07754175
-0.10193463 0.96855276 0.22696890 -41.56448436
0.10823661 -0.21600454 0.97037460 -7.75503919
0.00000000 0.00000000 0.00000000 1.00000000
213	214	22
0.97192328 0.04696174 -0.23056392 58.15216929
-0.04253394 0.99880335 0.02414004 -0.44079973
0.23142168 -0.01365547 0.97275770 -22.01123634
0.00000000 0.00000000 0.00000000 1.00000000
214	215	22
0.99187596 0.05683909 -0.11380417 28.07679831
-0.05334513 0.99801347 0.03351742 -1.10888710
0.11548319 -0.02717423 0.99293766 -13.01948108
0.00000000 0.00000000 0.00000000 1.00000000
215	216	22
0.99998832 0.00074776 0.00477435 -1.06196748
-0.00066079 0.99983429 -0.01819204 4.21287028
-0.00478717 0.01818867 0.99982311 0.77149464
0.00000000 0.00000000 0.00000000 1.00000000
216	217	22
0.96963317 -0.02224401 -0.24355024 60.18228284
0.02199575 0.99975107 -0.00373912 -2.07649063
0.24357278 -0.00173150 0.96988108 -25.55103372
0.00000000 0.00000000 0.00000000 1.00000000
217	218	22
0.99997671 0.00136101 0.00668792 -1.47931173
-0.00136616 0.99999877 0.00076471 0.02473919
-0.00668687 -0.00077383 0.99997734 0.95577382
0.00000000 0.00000000 0.00000000 1.00000000
218	219	22
1.00000000 -0.00000000 -0.00000000 -0.00000000
-0.00000000 1.00000000 0.00000000 0.00000000
-0.00000000 0.00000000 1.00000000 -0.00000000
0.00000000 0.00000000 0.00000000 1.00000000
219	220	22
0.99745223 0.00235153 -0.07129879 17.08005305
-0.00394505 0.99974538 -0.02221730 5.68355792
0.07122839 0.02244197 0.99720754 -9.72551058
0.00000000 0.00000000 0.00000000 1.00000000
220	221	22
0.99776014 0.06664244 -0.00578613 2.40938693
-0.06670060 0.99771758 -0.01051949 12.60036513
0.00507188 0.01088186 0.99992793 -0.63982108
0.00000000 0.00000000 0.00000000 1.00000000
221	222	22
0.98400566 -0.12059797 0.13110682 -27.20334689
0.11706417 0.99252967 0.03436322 -26.19368191
-0.13427155 -0.01846570 0.99077251 23.00171851
0.00000000 0.00000000 0.00000000 1.00000000
222	223	22
0.99681462 -0.05870430 0.05398534 -11.76770995
0.05566628 0.99686905 0.05615483 -21.18521675
-0.05711285 -0.05297079 0.99696149 9.27492447
0.00000000 0.00000000 0.00000000 1.00000000
223	224	22
0.97066274 -0.19904200 -0.13489302 33.81288907
0.17962858 0.97321715 -0.14346414 1.48862347
0.15983559 0.11502466 0.98041925 -21.54148353
0.00000000 0.00000000 0.00000000 1.00000000
224	225	22
0.98985796 -0.06457284 0.12653684 -26.26105729
0.05307599 0.99432354 0.09221512 -29.10663022
-0.13177315 -0.08456380 0.98766634 24.39954217
0.00000000 0.00000000 0.00000000 1.00000000
225	226	22
0.99974233 0.00099655 -0.02267772 5.17903552
-0.00093471 0.99999582 0.00273774 -0.44740338
0.02268036 -0.00271583 0.99973908 -3.99764861
0.00000000 0.00000000 0.00000000 1.00000000
226	227	22
0.99987270 0.00315079 0.01564170 -3.41711277
-0.00324681 0.99997602 0.00611728 -0.75164363
-0.01562205 -0.00616729 0.99985895 2.43169573
0.00000000 0.00000000 0.00000000 1.00000000
227	228	22
0.86537744 0.47908352 0.14697231 -0.57760243
-0.45105884 0.87245292 -0.18807400 123.38072243
-0.21832958 0.09646183 0.97109593 47.80763645
0.00000000 0.00000000 0.00000000 1.00000000
228	229	22
1.00000000 -0.00000000 -0.00000000 -0.00000000
-0.00000000 1.00000000 0.00000000 0.00000000
-0.00000000 0.00000000 1.00000000 0.00000000
0.00000000 0.00000000 0.00000000 1.00000000
229	230	22
0.99606722 -0.01410452 -0.08747090 20.20702908
0.01320677 0.99985410 -0.01083368 -0.13537178
0.08761094 0.00963586 0.99610816 -15.81702615
0.00000000 0.00000000 0.00000000 1.00000000
230	231	22
0.99948144 0.01720963 -0.02721538 6.32852063
-0.01673588 0.99970608 0.01754028 -0.47750052
0.02750924 -0.01707571 0.99947569 -5.53051146
0.00000000 0.00000000 0.00000000 1.00000000
231	232	22
1.00000000 -0.00000000 0.00000000 0.00000000
-0.00000000 1.00000000 0.00000000 -0.00000000
0.00000000 0.00000000 1.00000000 0.00000000
0.00000000 0.00000000 0.00000000 1.00000000
232	233	22
0.99951142 -0.03112375 -0.00286961 0.47323260
0.03106503 0.99934364 -0.01863499 -2.32810188
0.00344771 0.01853674 0.99982224 -0.43144640
0.00000000 0.00000000 0.00000000 1.00000000
233	234	22
0.99906421 0.02948824 -0.03164105 7.72368009
-0.02845430 0.99906190 0.03264463 -1.37414642
0.03257400 -0.03171376 0.99896605 -6.83223646
0.00000000 0.00000000 0.00000000 1.00000000
234	235	22
0.99995100 -0.00242908 0.00959717 -2.07409157
0.00239716 0.99999156 0.00333613 -1.21312079
-0.00960520 -0.00331296 0.99994838 1.95295773
0.00000000 0.00000000 0.00000000 1.00000000
235	236	22
0.99376461 -0.03169896 -0.10689754 24.87430206
0.02584655 0.99811318 -0.05569596 6.82179219
0.10846135 0.05258574 0.99270886 -20.42338261
0.00000000 0.00000000 0.00000000 1.00000000
236	237	22
0.99944421 0.00993956 -0.03181939 7.23171391
-0.00914472 0.99964491 0.02502857 -3.60720853
0.03205686 -0.02472368 0.99918021 -6.75684802
0.00000000 0.00000000 0.00000000 1.00000000
237	238	22
0.99992825 -0.00914481 0.00773798 -1.72028087
0.00916772 0.99995368 -0.00293018 -1.34846565
-0.00771083 0.00300090 0.99996577 1.69226695
0.00000000 0.00000000 0.00000000 1.00000000
238	239	22
0.99970664 -0.02238535 -0.00924845 1.98040197
0.02243308 0.99973539 0.00508997 -5.82335106
0.00913207 -0.00529595 0.99994428 -2.44467120
0.00000000 0.00000000 0.00000000 1.00000000
239	240	22
0.99783026 0.01063647 -0.06497409 14.74339167
-0.01133213 0.99988225 -0.01034762 4.78452656
0.06485637 0.01106147 0.99783330 -13.93136048
0.00000000 0.00000000 0.00000000 1.00000000
240	241	22
0.99995694 0.00048858 -0.00926711 2.15826956
-0.00048812 0.99999988 0.00005177 0.09465647
0.00926713 -0.00004724 0.99995706 -2.03688457
0.00000000 0.00000000 0.00000000 1.00000000
241	242	22
0.99999973 0.00007314 -0.00072810 0.18293089
-0.00007420 0.99999895 -0.00145041 0.31602290
0.00072799 0.00145047 0.99999868 -0.11134354
0.00000000 0.00000000 0.00000000 1.00000000
242	243	22
0.99530919 0.02850061 0.09245177 -17.97991722
-0.02796100 0.99958361 -0.00712695 7.52056990
-0.09261640 0.00450848 0.99569166 20.95772553
0.00000000 0.00000000 0.00000000 1.00000000
243	244	22
0.99705060 -0.06953766 0.03247494 -6.72505845
0.06968022 0.99756400 -0.00327753 -14.81582376
-0.03216792 0.00553072 0.99946718 7.31416872
0.00000000 0.00000000 0.00000000 1.00000000
244	245	22
0.98449842 0.14238685 0.10241502 -15.46394588
-0.14839259 0.98747526 0.05359347 22.10950869
-0.09350130 -0.06796031 0.99329699 21.00153584
0.00000000 0.00000000 0.00000000 1.00000000
245	246	22
0.99995507 0.00922261 -0.00218955 0.56554910
-0.00919011 0.99985387 0.01441454 -0.87444264
0.00232217 -0.01439377 0.99989371 -0.66879257
0.00000000 0.00000000 0.00000000 1.00000000
246	247	22
0.99678014 -0.02365355 0.07661496 -15.02008546
0.02554967 0.99938868 -0.02386368 -1.00334932
-0.07600367 0.02574433 0.99677514 17.17395709
0.00000000 0.00000000 0.00000000 1.00000000
247	248	22
0.99985830 -0.00634397 0.01559293 -3.06116384
0.00632222 0.99997897 0.00144383 -1.68206506
-0.01560176 -0.00134504 0.99987738 3.34938177
0.00000000 0.00000000 0.00000000 1.00000000
248	249	22
0.99538142 -0.00905596 0.09557100 -16.87478946
0.00762514 0.99985348 0.01532586 -4.58858080
-0.09569579 -0.01452634 0.99530463 21.75471588
0.00000000 0.00000000 0.00000000 1.00000000
249	250	22
0.99998580 0.00499354 0.00185876 -0.31325702
-0.00498916 0.99998478 -0.00235692 1.56871853
-0.00187050 0.00234762 0.99999549 0.44564502
0.00000000 0.00000000 0.00000000 1.00000000
250	251	22
0.99612811 0.04730224 0.07410318 -12.51624206
-0.05389462 0.99451426 0.08964794 -5.04603078
-0.06945612 -0.09329460 0.99321295 15.16435316
0.00000000 0.00000000 0.00000000 1.00000000
251	252	22
0.99964071 -0.00296893 -0.02663896 4.65434884
0.00290289 0.99999262 -0.00251732 -0.17810910
0.02664624 0.00243909 0.99964195 -6.08461501
0.00000000 0.00000000 0.00000000 1.00000000
252	253	22
0.99997500 0.00031588 -0.00706353 1.21379588
-0.00032623 0.99999887 -0.00146432 0.32502121
0.00706306 0.00146659 0.99997398 -1.58658918
0.00000000 0.00000000 0.00000000 1.00000000
253	254	22
0.99998891 -0.00388988 -0.00265570 0.43447693
0.00388661 0.99999169 -0.00123448 -0.63319803
0.00266048 0.00122414 0.99999571 -0.57580507
0.00000000 0.00000000 0.00000000 1.00000000
254	255	22
0.98267376 0.09553550 0.15882462 -21.37293441
-0.09278621 0.99538079 -0.02465374 24.01093475
-0.16044628 0.00948985 0.98699895 35.93027260
0.00000000 0.00000000 0.00000000 1.00000000
255	256	22
0.99997029 -0.00123956 -0.00760744 1.22218388
0.00139353 0.99979362 0.02026766 -3.54805951
0.00758074 -0.02027766 0.99976565 -1.77941871
0.00000000 0.00000000 0.00000000 1.00000000
256	257	22
1.00000000 -0.00000000 0.00000000 0.00000000
-0.00000000 1.00000000 0.00000000 -0.00000000
-0.00000000 0.00000000 1.00000000 0.00000000
0.00000000 0.00000000 0.00000000 1.00000000
257	258	22
1.00000000 0.00000000 0.00000000 0.00000000
0.00000000 1.00000000 -0.00000000 0.00000000
0.00000000 0.00000000 1.00000000 -0.00000000
0.00000000 0.00000000 0.00000000 1.00000000
258	259	22
0.99998028 0.00096266 0.00620555 -0.96563438
-0.00095074 0.99999770 -0.00192335 0.50317244
-0.00620739 0.00191742 0.99997890 1.31152741
0.00000000 0.00000000 0.00000000 1.00000000
259	260	22
0.97704327 -0.11971599 0.17622294 -24.60585576
0.09314065 0.98397415 0.15205163 -43.11323895
-0.19160183 -0.13214750 0.97253575 42.47209281
0.00000000 0.00000000 0.00000000 1.00000000
260	261	22
0.99998811 0.00366810 0.00321244 -0.46634989
-0.00368404 0.99998086 0.00497138 -0.03260857
-0.00319414 -0.00498316 0.99998248 0.60585848
0.00000000 0.00000000 0.00000000 1.00000000
261	262	22
1.00000000 -0.00000000 0.00000000 0.00000000
0.00000000 1.00000000 -0.00000000 -0.00000000
0.00000000 0.00000000 1.00000000 0.00000000
0.00000000 0.00000000 0.00000000 1.00000000
262	263	22
0.99286334 -0.11782318 -0.01844125 3.00395620
0.11648977 0.99127656 -0.06165159 -13.84225383
0.02554437 0.05906339 0.99792735 -4.29978828
0.00000000 0.00000000 0.00000000 1.00000000
263	264	22
0.99999984 0.00015446 0.00054699 -0.08925149
-0.00015442 0.99999999 -0.00006764 0.04170600
-0.00054700 0.00006756 0.99999985 0.10525980
0.00000000 0.00000000 0.00000000 1.00000000
264	265	22
0.99968373 -0.02280996 -0.01059012 1.23224846
0.02266623 0.99965195 -0.01349922 -2.30306534
0.01089435 0.01325492 0.99985280 -1.78958219
0.00000000 0.00000000 0.00000000 1.00000000
265	266	22
0.99999742 0.00119204 -0.00193288 0.30617654
-0.00118991 0.99999868 0.00110206 0.05971849
0.00193419 -0.00109976 0.99999752 -0.38394230
0.00000000 0.00000000 0.00000000 1.00000000
266	267	22
0.99971588 -0.01977545 -0.01330769 1.56490500
0.01981449 0.99979973 0.00280785 -4.20131920
0.01324950 -0.00307074 0.99990751 -2.43672852
0.00000000 0.00000000 0.00000000 1.00000000
267	268	22
0.97589175 -0.12506819 -0.17886654 29.81912059
0.12229372 0.99214014 -0.02649875 -18.51800852
0.18077482 0.00398565 0.98351643 -30.38352676
0.00000000 0.00000000 0.00000000 1.00000000
268	269	22
0.99901848 0.04316379 0.00994850 -1.04973039
-0.04285233 0.99864160 -0.02964184 12.52016279
-0.01121444 0.02918643 0.99951107 2.39204648
0.00000000 0.00000000 0.00000000 1.00000000
269	270	22
1.00000000 0.00000000 0.00000000 -0.00000000
-0.00000000 1.00000000 0.00000000 0.00000000
0.00000000 0.00000000 1.00000000 0.00000000
0.00000000 0.00000000 0.00000000 1.00000000
270	271	22
0.99950622 -0.03141893 0.00040301 -0.60941681
0.03142049 0.99949495 -0.00475398 -4.67546124
-0.00025345 0.00476430 0.99998862 0.12711565
0.00000000 0.00000000 0.00000000 1.00000000
271	272	22
0.98980217 0.02811830 0.13964611 -20.63891253
-0.02836810 0.99959752 -0.00020174 4.78679976
-0.13959558 -0.00376181 0.99020146 25.13428672
0.00000000 0.00000000 0.00000000 1.00000000
272	273	22
0.99994043 -0.00083612 -0.01088260 1.66046379
0.00087249 0.99999405 0.00333752 -0.64587716
0.01087974 -0.00334681 0.99993521 -1.86115685
0.00000000 0.00000000 0.00000000 1.00000000
273	274	22
0.99988292 -0.00556312 0.01425452 -2.61136787
0.00578455 0.99986251 -0.01554056 1.62300407
-0.01416611 0.01562120 0.99977763 2.43592457
0.00000000 0.00000000 0.00000000 1.00000000
274	275	22
0.99979329 -0.00146254 -0.02027892 2.92694515
0.00144555 0.99999859 -0.00085289 -0.08068881
0.02028013 0.00082340 0.99979400 -2.96439785
0.00000000 0.00000000 0.00000000 1.00000000
275	276	22
1.00000000 0.00000000 0.00000000 0.00000000
0.00000000 1.00000000 0.00000000 -0.00000000
0.00000000 0.00000000 1.00000000 0.00000000
0.00000000 0.00000000 0.00000000 1.00000000
276	277	22
0.99858622 -0.00545758 -0.05287504 8.35878222
0.00489251 0.99992960 -0.01081050 0.97848944
0.05293032 0.01053652 0.99854262 -7.35405350
0.00000000 0.00000000 0.00000000 1.00000000
277	278	22
0.99938307 0.03025718 -0.01783202 3.13941334
-0.03046919 0.99946676 -0.01173982 6.11844559
0.01746730 0.01227590 0.99977207 -2.42944717
0.00000000 0.00000000 0.00000000 1.00000000
278	279	22
0.99994862 -0.00244317 0.00983762 -1.69564044
0.00246255 0.99999505 -0.00195813 0.00004162
-0.00983279 0.00198226 0.99994969 1.34031413
0.00000000 0.00000000 0.00000000 1.00000000
279	280	22
0.99932030 0.00931614 -0.03566711 5.64398562
-0.00800432 0.99929253 0.03674732 -4.90582685
0.03598422 -0.03643685 0.99868789 -4.70814418
0.00000000 0.00000000 0.00000000 1.00000000
280	281	22
0.99879826 0.04369082 0.02220695 -3.38526759
-0.04331651 0.99891563 -0.01706608 8.17396207
-0.02292850 0.01608365 0.99960772 2.94010186
0.00000000 0.00000000 0.00000000 1.00000000
281	282	22
1.00000000 -0.00000000 -0.00000000 0.00000000
0.00000000 1.00000000 0.00000000 -0.00000000
-0.00000000 0.00000000 1.00000000 0.00000000
0.00000000 0.00000000 0.00000000 1.00000000
282	283	22
1.00000000 0.00000000 0.00000000 0.00000000
0.00000000 1.00000000 0.00000000 -0.00000000
0.00000000 0.00000000 1.00000000 0.00000000
0.00000000 0.00000000 0.00000000 1.00000000
283	284	22
0.99999627 0.00153768 -0.00225779 0.37229899
-0.00154608 0.99999187 -0.00372476 0.75826402
0.00225204 0.00372824 0.99999051 -0.15011991
0.00000000 0.00000000 0.00000000 1.00000000
285	286	22
0.99999492 0.00086400 0.00306921 -0.51799607
-0.00086447 0.99999961 0.00015127 0.05834013
-0.00306908 -0.00015393 0.99999528 0.31600696
0.00000000 0.00000000 0.00000000 1.00000000
286	287	22
0.99971538 -0.01988533 -0.01318076 1.91803278
0.01974477 0.99974769 -0.01071009 -0.04371879
0.01339041 0.01044679 0.99985577 -1.13623525
0.00000000 0.00000000 0.00000000 1.00000000
287	288	22
1.00000000 -0.00000000 0.00000000 0.00000000
0.00000000 1.00000000 -0.00000000 0.00000000
0.00000000 0.00000000 1.00000000 0.00000000
0.00000000 0.00000000 0.00000000 1.00000000
288	289	22
0.98388430 0.17193461 -0.04909350 10.20396977
-0.15997113 0.96907443 0.18789356 -18.80930894
0.07988066 -0.17701198 0.98096169 -4.60288674
0.00000000 0.00000000 0.00000000 1.00000000
289	290	22
0.99986632 -0.00078698 -0.01633188 2.57870607
0.00081325 0.99999839 0.00160167 -0.32133118
0.01633060 -0.00161474 0.99986534 -1.18395777
0.00000000 0.00000000 0.00000000 1.00000000
290	291	22
0.99986957 0.00104098 0.01611716 -2.87305343
-0.00100114 0.99999642 -0.00248019 0.48986436
-0.01611968 0.00246373 0.99986703 1.16660326
0.00000000 0.00000000 0.00000000 1.00000000
291	292	22
1.00000000 -0.00000000 -0.00000000 0.00000000
-0.00000000 1.00000000 -0.00000000 0.00000000
0.00000000 0.00000000 1.00000000 0.00000000
0.00000000 0.00000000 0.00000000 1.00000000
292	293	22
0.99995979 -0.00886025 0.00138483 -0.43132346
0.00886334 0.99995821 -0.00224127 -0.12498035
-0.00136492 0.00225346 0.99999653 0.03012475
0.00000000 0.00000000 0.00000000 1.00000000
293	294	22
0.96733111 -0.08317321 -0.23948434 40.66409134
0.08098555 0.99653457 -0.01897885 -1.21192812
0.24023295 -0.00103594 0.97071471 -8.22061596
0.00000000 0.00000000 0.00000000 1.00000000
294	295	22
0.95308879 0.18582743 -0.23893500 42.51885944
-0.17249677 0.98209436 0.07573327 -4.61035832
0.24873003 -0.03096502 0.96807775 -6.68628636
0.00000000 0.00000000 0.00000000 1.00000000
295	296	22
0.99643189 0.02518342 0.08055605 -14.05365841
-0.02189823 0.99890231 -0.04140829 8.07662741
-0.08151043 0.03949650 0.99588959 4.39439644
0.00000000 0.00000000 0.00000000 1.00000000
296	297	22
0.99998404 -0.00265233 0.00498925 -0.86669201
0.00264946 0.99999632 0.00058118 -0.18483601
-0.00499078 -0.00056795 0.99998738 0.20432416
0.00000000 0.00000000 0.00000000 1.00000000
297	298	22
0.99970241 0.00125810 -0.02436200 4.09610724
-0.00142296 0.99997620 -0.00675089 1.18759517
0.02435293 0.00678355 0.99968041 -0.64385246
0.00000000 0.00000000 0.00000000 1.00000000
298	299	22
0.99987761 -0.01518888 -0.00374932 0.57780275
0.01520025 0.99987990 0.00302284 -0.94841793
0.00370296 -0.00307946 0.99998840 -0.12639558
0.00000000 0.00000000 0.00000000 1.00000000
299	300	22
0.99991269 0.00387206 0.01263443 -2.30793807
-0.00368138 0.99987950 -0.01508079 2.74256053
-0.01269130 0.01503296 0.99980645 0.50001153
0.00000000 0.00000000 0.00000000 1.00000000
300	301	22
1.00000000 -0.00000000 -0.00000000 0.00000000
-0.00000000 1.00000000 -0.00000000 0.00000000
-0.00000000 -0.00000000 1.00000000 0.00000000
0.00000000 0.00000000 0.00000000 1.00000000
301	302	22
0.99996008 -0.00526361 0.00721991 -1.26104810
0.00532658 0.99994770 -0.00873116 1.42911055
-0.00717358 0.00876927 0.99993582 0.11433783
0.00000000 0.00000000 0.00000000 1.00000000
302	303	22
1.00000000 0.00000000 -0.00000000 0.00000000
-0.00000000 1.00000000 0.00000000 -0.00000000
-0.00000000 -0.00000000 1.00000000 0.00000000
0.00000000 0.00000000 0.00000000 1.00000000
303	304	22
0.99989083 0.00035258 -0.01477187 2.45477651
-0.00040691 0.99999317 -0.00367456 0.62049036
0.01477047 0.00368016 0.99988414 -0.15630297
0.00000000 0.00000000 0.00000000 1.00000000
304	305	22
1.00000000 0.00000000 -0.00000000 0.00000000
0.00000000 1.00000000 -0.00000000 0.00000000
-0.00000000 -0.00000000 1.00000000 -0.00000000
0.00000000 0.00000000 0.00000000 1.00000000
305	306	22
1.00000000 -0.00000000 0.00000000 -0.00000000
-0.00000000 1.00000000 -0.00000000 0.00000000
-0.00000000 0.00000000 1.00000000 0.00000000
0.00000000 0.00000000 0.00000000 1.00000000
306	307	22
0.99823212 0.00732347 0.05898309 -10.44055750
-0.00552558 0.99951684 -0.03058698 5.33289151
-0.05917859 0.03020699 0.99779027 1.06801415
0.00000000 0.00000000 0.00000000 1.00000000
307	308	22
0.99899282 0.00432441 0.04466137 -7.80186464
-0.00423636 0.99998889 -0.00206578 0.34380365
-0.04466981 0.00187449 0.99900005 0.83659974
0.00000000 0.00000000 0.00000000 1.00000000
308	309	22
1.00000000 -0.00000000 0.00000000 -0.00000000
0.00000000 1.00000000 0.00000000 -0.00000000
0.00000000 0.00000000 1.00000000 -0.00000000
0.00000000 0.00000000 0.00000000 1.00000000
309	310	22
0.99987682 0.01567537 0.00079296 -0.08728795
-0.01567902 0.99986541 0.00483081 -0.80184570
-0.00071713 -0.00484265 0.99998802 0.04579025
0.00000000 0.00000000 0.00000000 1.00000000
310	311	22
1.00000000 0.00000000 0.00000000 -0.00000000
0.00000000 1.00000000 -0.00000000 0.00000000
-0.00000000 -0.00000000 1.00000000 0.00000000
0.00000000 0.00000000 0.00000000 1.00000000
311	312	22
0.99640053 -0.01551948 0.08333742 -14.93755140
0.01528037 0.99987710 0.00350630 -0.57256141
-0.08338159 -0.00222025 0.99651522 0.17289975
0.00000000 0.00000000 0.00000000 1.00000000
312	313	22
0.99663388 -0.08065566 -0.01468230 2.23262970
0.08024804 0.99642241 -0.02650720 5.55908713
0.01676772 0.02523975 0.99954079 0.54093566
0.00000000 0.00000000 0.00000000 1.00000000
313	314	22
1.00000000 0.00000000 0.00000000 -0.00000000
-0.00000000 1.00000000 -0.00000000 0.00000000
0.00000000 -0.00000000 1.00000000 0.00000000
0.00000000 0.00000000 0.00000000 1.00000000
314	315	22
0.99994806 0.00079586 -0.01016115 1.71425909
-0.00080094 0.99999956 -0.00049563 0.07299634
0.01016075 0.00050374 0.99994825 0.16065022
0.00000000 0.00000000 0.00000000 1.00000000
315	316	22
0.99963330 -0.02452184 0.01148649 -2.24854849
0.02538573 0.99628111 -0.08233782 14.87434263
-0.00942469 0.08259922 0.99653828 0.68213467
0.00000000 0.00000000 0.00000000 1.00000000
316	317	22
0.99667955 0.00618859 -0.08118853 13.45940977
-0.00588747 0.99997488 0.00394779 -0.79546133
0.08121092 -0.00345669 0.99669094 2.15267777
0.00000000 0.00000000 0.00000000 1.00000000
317	318	22
1.00000000 -0.00000000 0.00000000 -0.00000000
-0.00000000 1.00000000 -0.00000000 -0.00000000
0.00000000 0.00000000 1.00000000 0.00000000
0.00000000 0.00000000 0.00000000 1.00000000
318	319	22
0.87113451 0.44689696 0.20348902 -38.18207719
-0.44820135 0.89293190 -0.04228673 -5.50871341
-0.20059965 -0.05436662 0.97816361 -1.97837928
0.00000000 0.00000000 0.00000000 1.00000000
319	320	22
0.97988829 0.14198260 0.14021373 -25.41449693
-0.09223221 0.94535799 -0.31271631 52.32217793
-0.17695244 0.29349483 0.93944059 5.41936076
0.00000000 0.00000000 0.00000000 1.00000000
320	321	22
0.97133481 0.04975264 0.23245079 -42.16224573
-0.04475158 0.99864015 -0.02674210 2.96857573
-0.23346518 0.01557299 0.97224045 -3.46272359
0.00000000 0.00000000 0.00000000 1.00000000
321	322	22
0.99998733 -0.00355149 0.00356846 -0.70913025
0.00354514 0.99999212 0.00178558 -0.15008571
-0.00357477 -0.00177291 0.99999204 -0.18721116
0.00000000 0.00000000 0.00000000 1.00000000
322	323	22
0.99983025 0.00034729 0.01842162 -3.31036620
-0.00057865 0.99992101 0.01255531 -2.27927554
-0.01841580 -0.01256384 0.99975147 -0.90927237
0.00000000 0.00000000 0.00000000 1.00000000
323	324	22
0.99894729 0.02870451 -0.03578216 5.98490067
-0.02743899 0.99899752 0.03537030 -7.59933203
0.03676158 -0.03435124 0.99873349 2.04453437
0.00000000 0.00000000 0.00000000 1.00000000
324	325	22
0.94157116 0.01411027 -0.33651843 54.24933492
0.02318106 0.99403813 0.10654026 -16.88847172
0.33601547 -0.10811609 0.93563055 32.40982654
0.00000000 0.00000000 0.00000000 1.00000000
325	326	22
0.99987315 -0.00663476 0.01447965 -2.77118168
0.00678155 0.99992587 -0.01011227 2.24519690
-0.01441148 0.01020919 0.99984403 -0.80028730
0.00000000 0.00000000 0.00000000 1.00000000
326	327	22
0.99959732 0.00438613 0.02803492 -5.03834589
-0.00421185 0.99997146 -0.00627254 0.79045520
-0.02806163 0.00615194 0.99958726 -2.01409683
0.00000000 0.00000000 0.00000000 1.00000000
327	328	22
0.99905227 0.03655711 -0.02362511 4.00885674
-0.03559927 0.99857466 0.03976600 -9.59266255
0.02504517 -0.03888728 0.99892969 2.02076450
0.00000000 0.00000000 0.00000000 1.00000000
328	329	22
0.99996811 0.00025598 -0.00798199 1.30096158
-0.00026103 0.99999977 -0.00063203 0.09291602
0.00798182 0.00063409 0.99996794 0.63966683
0.00000000 0.00000000 0.00000000 1.00000000
329	330	22
0.99990622 -0.00955393 0.00981179 -2.00270906
0.00958607 0.99994882 -0.00323464 1.43304135
-0.00978039 0.00332839 0.99994663 -1.00898695
0.00000000 0.00000000 0.00000000 1.00000000
330	331	22
0.99684184 0.01495610 -0.07799139 13.23563156
-0.01497016 0.99988786 0.00040431 -1.42679146
0.07798869 0.00076451 0.99695395 7.61176202
0.00000000 0.00000000 0.00000000 1.00000000
331	332	22
0.99999990 0.00000096 0.00044227 -0.08981623
-0.00000082 0.99999996 -0.00029827 0.05362657
-0.00044227 0.00029827 0.99999986 -0.03473129
0.00000000 0.00000000 0.00000000 1.00000000
332	333	22
0.99997555 -0.00460972 0.00525801 -1.07375028
0.00460363 0.99998872 0.00117004 0.27524387
-0.00526334 -0.00114581 0.99998549 -0.63754373
0.00000000 0.00000000 0.00000000 1.00000000
333	334	22
0.99981911 -0.00196692 0.01891784 -3.66555107
0.00026147 0.99596577 0.08973358 -16.12293845
-0.01901802 -0.08971240 0.99578612 -1.58579292
0.00000000 0.00000000 0.00000000 1.00000000
334	335	22
0.99969769 0.02430576 -0.00370832 0.62922482
-0.02428065 0.99968291 0.00667251 -3.95452796
0.00386932 -0.00658045 0.99997086 0.44326561
0.00000000 0.00000000 0.00000000 1.00000000
335	336	22
0.98377070 0.00108545 -0.17942695 28.78805572
0.00128272 0.99991360 0.01308200 -2.07273374
0.17942565 -0.01309984 0.98368431 23.58525989
0.00000000 0.00000000 0.00000000 1.00000000
336	337	22
0.99932222 0.00413639 0.03657860 -6.65422777
-0.00365761 0.99990689 -0.01314642 1.88963685
-0.03662957 0.01300372 0.99924430 -4.59068622
0.00000000 0.00000000 0.00000000 1.00000000
337	338	22
0.99994343 0.00585432 0.00888063 -1.50994941
-0.00581614 0.99997376 -0.00431868 -0.04394932
-0.00890568 0.00426679 0.99995124 -1.23000077
0.00000000 0.00000000 0.00000000 1.00000000
338	339	22
0.99775406 -0.06613195 -0.01064941 1.40969350
0.06582725 0.99747129 -0.02679188 13.93259161
0.01239428 0.02603069 0.99958431 1.84643261
0.00000000 0.00000000 0.00000000 1.00000000
339	340	22
0.97331932 -0.08903478 0.21147650 -41.77500021
0.07991032 0.99547982 0.05132513 2.02639963
-0.21509031 -0.03305659 0.97603454 -25.61660783
0.00000000 0.00000000 0.00000000 1.00000000
340	341	22
0.99998885 -0.00440093 -0.00171164 0.28042545
0.00440694 0.99998407 0.00352752 0.03970279
0.00169609 -0.00353503 0.99999231 0.23834713
0.00000000 0.00000000 0.00000000 1.00000000
341	342	22
0.99976315 0.00217917 0.02165381 -3.91423399
-0.00232487 0.99997482 0.00670531 -1.57104245
-0.02163866 -0.00675407 0.99974304 -3.40724555
0.00000000 0.00000000 0.00000000 1.00000000
342	343	22
0.99960242 -0.00223859 -0.02810688 4.76361979
0.00236408 0.99998738 0.00443221 -0.37579886
0.02809660 -0.00449690 0.99959510 4.81345830
0.00000000 0.00000000 0.00000000 1.00000000
343	344	22
0.99974098 -0.02209214 -0.00546810 0.59912879
0.02213826 0.99971861 0.00852099 2.28092094
0.00527832 -0.00863983 0.99994875 0.88571828
0.00000000 0.00000000 0.00000000 1.00000000
344	345	22
0.99959326 0.01013667 0.02665644 -4.80727784
-0.01009377 0.99994754 -0.00174345 -1.45019513
-0.02667272 0.00147367 0.99964313 -4.56731858
0.00000000 0.00000000 0.00000000 1.00000000
345	346	22
0.99992526 -0.00249616 -0.01196866 1.96950226
0.00249261 0.99999685 -0.00031128 0.48662350
0.01196940 0.00028142 0.99992832 2.10103024
0.00000000 0.00000000 0.00000000 1.00000000
346	347	22
0.99217231 -0.12438053 -0.01111731 0.30558139
0.12373161 0.99120023 -0.04703826 30.09092269
0.01687013 0.04529449 0.99883122 3.14583981
0.00000000 0.00000000 0.00000000 1.00000000
347	348	22
0.99999843 -0.00128428 0.00122000 -0.29516021
0.00127972 0.99999222 0.00373246 -0.41138784
-0.00122478 -0.00373090 0.99999229 -0.32016006
0.00000000 0.00000000 0.00000000 1.00000000
348	349	22
0.98951581 0.08390433 -0.11755224 17.62642091
-0.08109737 0.99629949 0.02846995 -20.00113804
0.11950599 -0.01863829 0.99265852 23.51691202
0.00000000 0.00000000 0.00000000 1.00000000
349	350	22
0.98711656 0.02520547 -0.15800499 23.33428460
-0.02270652 0.99958722 0.01760123 -7.32315794
0.15838341 -0.01378672 0.98728143 33.07245150
0.00000000 0.00000000 0.00000000 1.00000000
350	351	22
0.99988558 -0.01488311 0.00270557 -0.50487422
0.01485388 0.99983436 0.01051765 1.27544074
-0.00286165 -0.01047626 0.99994103 -0.54901988
0.00000000 0.00000000 0.00000000 1.00000000
351	352	22
0.99998120 0.00605564 -0.00096697 0.15643477
-0.00605150 0.99997273 0.00423337 -1.93725981
0.00099258 -0.00422744 0.99999057 0.19141675
0.00000000 0.00000000 0.00000000 1.00000000
352	353	22
0.99854138 0.01303824 -0.05239384 8.24937966
-0.01733597 0.99644614 -0.08242912 9.88627355
0.05113291 0.08321719 0.99521873 11.41776819
0.00000000 0.00000000 0.00000000 1.00000000
353	354	22
0.99979200 -0.01907849 -0.00720832 1.17453879
0.01918157 0.99971069 0.01451246 1.64522029
0.00692936 -0.01464771 0.99986871 1.49101166
0.00000000 0.00000000 0.00000000 1.00000000
354	355	22
0.99997842 -0.00168626 0.00635026 -1.07978993
0.00164899 0.99998141 0.00586990 -0.58431851
-0.00636004 -0.00585930 0.99996261 -1.50575983
0.00000000 0.00000000 0.00000000 1.00000000
355	356	22
0.99996466 -0.00736300 0.00405706 -0.73866023
0.00739209 0.99994674 -0.00720229 2.83697715
-0.00400382 0.00723203 0.99996583 -0.88280515
0.00000000 0.00000000 0.00000000 1.00000000
356	357	22
0.99995034 -0.00620985 0.00779435 -1.28512058
0.00620023 0.99997999 0.00125740 1.16693003
-0.00780200 -0.00120901 0.99996883 -1.70237942
0.00000000 0.00000000 0.00000000 1.00000000
357	358	22
0.99922819 -0.03855981 0.00749441 -1.60517229
0.03835541 0.99893279 0.02573227 4.32301089
-0.00847864 -0.02542496 0.99964078 -1.81701852
0.00000000 0.00000000 0.00000000 1.00000000
358	359	22
0.99603435 -0.04366345 -0.07751820 11.26683394
0.04785916 0.99744068 0.05311872 2.60541850
0.07500046 -0.05661802 0.99557487 18.32771444
0.00000000 0.00000000 0.00000000 1.00000000
359	360	22
0.99701740 0.04180972 0.06487101 -11.92500257
-0.04087583 0.99904154 -0.01565784 -6.71091482
-0.06546349 0.01295949 0.99777081 -14.56789268
0.00000000 0.00000000 0.00000000 1.00000000
360	361	22
0.98749116 -0.00482169 0.15760063 -30.74577268
0.03064655 0.98633968 -0.16184813 35.51766065
-0.15466738 0.16465352 0.97414949 -31.23438460
0.00000000 0.00000000 0.00000000 1.00000000
361	362	22
0.99965916 -0.00448901 0.02571797 -4.68323873
0.00439160 0.99998297 0.00384310 0.33130084
-0.02573478 -0.00372885 0.99966185 -5.92037735
0.00000000 0.00000000 0.00000000 1.00000000
362	363	22
0.99568107 -0.01153017 0.09212094 -17.86511735
0.01157731 0.99993298 0.00002265 2.75924659
-0.09211503 0.00104396 0.99574783 -20.72796830
0.00000000 0.00000000 0.00000000 1.00000000
363	364	22
0.99898676 0.03814732 0.02387956 -4.45963152
-0.03680451 0.99784347 -0.05434918 0.17057469
-0.02590134 0.05341523 0.99823641 -6.03247985
0.00000000 0.00000000 0.00000000 1.00000000
364	365	22
0.99966272 -0.01920646 0.01748002 -2.99890771
0.01881440 0.99957375 0.02232339 0.85973854
-0.01790132 -0.02198698 0.99959798 -4.45719835
0.00000000 0.00000000 0.00000000 1.00000000
365	366	22
0.99990991 -0.00760751 0.01105881 -2.19589772
0.00754313 0.99995443 0.00585174 0.84430921
-0.01110282 -0.00576779 0.99992173 -2.66166438
0.00000000 0.00000000 0.00000000 1.00000000
366	367	22
0.99962899 -0.00447654 -0.02686728 3.96856577
0.00448039 0.99998996 0.00008308 1.08754691
0.02686664 -0.00020342 0.99963901 6.08424484
0.00000000 0.00000000 0.00000000 1.00000000
367	368	22
0.99991569 -0.00544185 -0.01178970 1.76096586
0.00537951 0.99997141 -0.00531336 2.17332110
0.01181827 0.00524949 0.99991638 2.85125801
0.00000000 0.00000000 0.00000000 1.00000000
368	369	22
0.99999645 0.00093145 -0.00249601 0.49651434
-0.00095388 0.99995904 -0.00900033 1.27089773
0.00248753 0.00900268 0.99995638 0.23157633
0.00000000 0.00000000 0.00000000 1.00000000
369	370	22
0.99966058 -0.00364987 0.02579526 -4.07864569
0.00366896 0.99999303 -0.00069285 1.02235031
-0.02579255 0.00078726 0.99966701 -6.40919025
0.00000000 0.00000000 0.00000000 1.00000000
370	371	22
0.99994045 0.00947095 0.00542210 -0.94066625
-0.00937304 0.99979753 -0.01780596 0.57219319
-0.00558965 0.01775408 0.99982676 -1.40277163
0.00000000 0.00000000 0.00000000 1.00000000
371	372	22
0.97660937 0.01488534 -0.21450539 27.86076392
-0.02904378 0.99759050 -0.06300519 2.78968378
0.21305068 0.06776150 0.97468856 55.22465065
0.00000000 0.00000000 0.00000000 1.00000000
372	373	22
0.98318480 0.03959677 -0.17826873 23.39073901
-0.01125355 0.98749080 0.15727450 -27.32260219
0.18226630 -0.15262374 0.97133156 48.08951808
0.00000000 0.00000000 0.00000000 1.00000000
373	374	22
0.99932244 0.02193912 -0.02955226 4.29015333
-0.02195904 0.99975881 -0.00034948 -5.28223520
0.02953747 0.00099819 0.99956318 6.48848493
0.00000000 0.00000000 0.00000000 1.00000000
374	375	22
0.99947558 -0.00113153 0.03236180 -4.74044220
0.00096372 0.99998601 0.00520051 -0.50226109
-0.03236723 -0.00516660 0.99946269 -8.25000667
0.00000000 0.00000000 0.00000000 1.00000000
375	376	22
0.99996943 0.00111097 -0.00773968 1.07659011
-0.00106562 0.99998226 0.00586083 -1.05801731
0.00774606 -0.00585240 0.99995287 1.83918636
0.00000000 0.00000000 0.00000000 1.00000000
376	377	22
0.99995885 0.00079665 -0.00903723 1.12743064
-0.00076511 0.99999361 0.00349294 -0.63145910
0.00903995 -0.00348589 0.99995306 2.04773278
0.00000000 0.00000000 0.00000000 1.00000000
377	378	22
0.99848149 -0.02054294 0.05111468 -6.82625958
0.02253751 0.99899452 -0.03875585 10.61509643
-0.05026713 0.03984900 0.99794052 -12.70255036
0.00000000 0.00000000 0.00000000 1.00000000
378	379	22
0.99935885 0.02821192 0.02204481 -2.91680560
-0.02731641 0.99882947 -0.03991863 -2.03028367
-0.02314519 0.03929085 0.99895972 -5.82288020
0.00000000 0.00000000 0.00000000 1.00000000
379	380	22
0.99903833 -0.03528696 0.02602394 -3.34003939
0.03607803 0.99888093 -0.03058192 12.88449440
-0.02491568 0.03149140 0.99919342 -6.32091961
0.00000000 0.00000000 0.00000000 1.00000000
380	381	22
0.99927147 -0.02100647 0.03186315 -3.95357637
0.02259317 0.99847942 -0.05028325 11.44930308
-0.03075842 0.05096651 0.99822659 -8.68223610
0.00000000 0.00000000 0.00000000 1.00000000
381	382	22
0.99993038 0.00026727 -0.01179644 1.18714781
-0.00026574 0.99999996 0.00013142 -0.07583906
0.01179647 -0.00012827 0.99993041 2.73371786
0.00000000 0.00000000 0.00000000 1.00000000
382	383	22
0.98984827 0.02013559 0.14069456 -16.72088347
-0.03428482 0.99450866 0.09887907 -18.50358344
-0.13793097 -0.10269896 0.98510302 -34.13621463
0.00000000 0.00000000 0.00000000 1.00000000
383	384	22
0.99953023 -0.02990163 0.00672329 -1.15725393
0.02994905 0.99952644 -0.00706743 8.28181839
-0.00650877 0.00726546 0.99995242 -6.13075377
0.00000000 0.00000000 0.00000000 1.00000000
384	385	22
0.99963924 -0.02685283 -0.00056363 0.05000908
0.02684526 0.99958218 -0.01071395 7.70197795
0.00085109 0.01069496 0.99994245 0.15714356
0.00000000 0.00000000 0.00000000 1.00000000
385	386	22
0.99942383 -0.00331913 0.03377862 -2.86233621
0.00331399 0.99999449 0.00020810 0.84472755
-0.03377912 -0.00009603 0.99942932 -8.88904194
0.00000000 0.00000000 0.00000000 1.00000000
386	387	22
0.99043643 -0.00498999 -0.13787955 7.71136485
-0.00231501 0.99860401 -0.05276994 3.34008676
0.13795039 0.05258446 0.98904225 34.63397905
0.00000000 0.00000000 0.00000000 1.00000000
387	388	22
0.99861062 0.00452343 -0.05250104 3.18783889
-0.00585741 0.99966319 -0.02528255 0.27002340
0.05236899 0.02555494 0.99830077 12.81666943
0.00000000 0.00000000 0.00000000 1.00000000
388	389	22
0.97046670 -0.02020520 0.24038745 -23.24311885
0.02249403 0.99972398 -0.00678107 6.20325028
-0.24018409 0.01198809 0.97065333 -59.60791299
0.00000000 0.00000000 0.00000000 1.00000000
389	390	22
0.99999905 0.00086062 0.00107398 -0.07320341
-0.00085856 0.99999780 -0.00191365 -0.11085079
-0.00107563 0.00191272 0.99999759 -0.30026286
0.00000000 0.00000000 0.00000000 1.00000000
390	391	22
0.99395772 0.05522716 0.09485789 -6.97596929
-0.05824120 0.99787238 0.02930321 -16.42439691
-0.09303774 -0.03465079 0.99505945 -23.67125230
0.00000000 0.00000000 0.00000000 1.00000000
391	392	22
0.99995374 0.00198412 -0.00941219 0.48187049
-0.00199313 0.99999756 -0.00094754 -0.44498501
0.00941029 0.00096626 0.99995526 2.33227301
0.00000000 0.00000000 0.00000000 1.00000000
392	393	22
0.97697664 0.17860874 0.11668578 -11.70422864
-0.19089126 0.97606073 0.10424003 -53.30712248
-0.09527422 -0.12411437 0.98768337 -23.43629019
0.00000000 0.00000000 0.00000000 1.00000000
393	394	22
0.95013951 -0.03715810 0.30960328 -25.38080269
0.07609182 0.99048853 -0.11464079 24.22730392
-0.30239866 0.13248302 0.94392971 -77.15977405
0.00000000 0.00000000 0.00000000 1.00000000
394	395	22
0.99947652 0.01378957 -0.02926667 0.78958186
-0.01413090 0.99983415 -0.01148840 -3.12189716
0.02910340 0.01189595 0.99950562 7.12286662
0.00000000 0.00000000 0.00000000 1.00000000
395	396	22
0.99228132 -0.00235800 0.12398475 -5.32142465
0.00202188 0.99999393 0.00283673 0.45583189
-0.12399068 -0.00256415 0.99228007 -31.96086502
0.00000000 0.00000000 0.00000000 1.00000000
396	397	22
0.99982868 -0.00126868 -0.01846642 0.48339135
0.00110206 0.99995861 -0.00903072 0.52285047
0.01847711 0.00900882 0.99978870 4.55240990
0.00000000 0.00000000 0.00000000 1.00000000
397	398	22
0.99995602 -0.00286545 -0.00892984 0.12289943
0.00297122 0.99992533 0.01185360 0.50830712
0.00889520 -0.01187961 0.99988987 2.21851526
0.00000000 0.00000000 0.00000000 1.00000000
398	399	22
0.99952532 -0.00187185 -0.03075118 0.04928372
0.00225373 0.99992072 0.01238814 0.42281970
0.03072556 -0.01245156 0.99945030 7.58488702
0.00000000 0.00000000 0.00000000 1.00000000
399	400	22
0.99591325 -0.00345099 0.09024902 -2.11590540
0.00358003 0.99999279 -0.00126799 0.93237969
-0.09024399 0.00158590 0.99591842 -23.05926391
0.00000000 0.00000000 0.00000000 1.00000000
400	401	22
0.99761829 0.01317376 -0.06770666 -0.41032092
-0.01189689 0.99974435 0.01922770 -3.05105832
0.06794266 -0.01837641 0.99751998 16.65633129
0.00000000 0.00000000 0.00000000 1.00000000
401	402	22
0.99997627 0.00036040 -0.00687963 0.04804978
-0.00036054 0.99999993 -0.00001796 -0.08273809
0.00687962 0.00002044 0.99997633 1.57855358
0.00000000 0.00000000 0.00000000 1.00000000
402	403	22
0.96565737 0.10927579 -0.23572156 -8.04673291
-0.08897104 0.99147893 0.09515081 -21.25010988
0.24411064 -0.07091069 0.96715132 58.73989194
0.00000000 0.00000000 0.00000000 1.00000000
403	404	22
0.99239949 0.03711291 0.11732812 -1.00407540
-0.03973249 0.99900884 0.02006663 -9.59248928
-0.11646710 -0.02457585 0.99289045 -28.84942152
0.00000000 0.00000000 0.00000000 1.00000000
404	405	22
0.98018874 -0.06690277 -0.18642437 -5.73888455
0.07651342 0.99605998 0.04483545 18.38864709
0.18269024 -0.05821117 0.98144574 42.93731955
0.00000000 0.00000000 0.00000000 1.00000000
405	406	22
0.99985501 0.01537617 -0.00731611 -0.23502969
-0.01544989 0.99982935 -0.01012817 -3.70429962
0.00715913 0.01023973 0.99992194 1.56147849
0.00000000 0.00000000 0.00000000 1.00000000
406	407	22
0.99959265 -0.01218954 0.02580582 0.70079946
0.01188093 0.99985646 0.01207873 3.01202759
-0.02594935 -0.01176722 0.99959400 -6.09265991
0.00000000 0.00000000 0.00000000 1.00000000
407	408	22
0.99862858 0.01446762 -0.05031557 -1.47830410
-0.01470353 0.99988256 -0.00432158 -3.40915828
0.05024713 0.00505547 0.99872402 11.12156543
0.00000000 0.00000000 0.00000000 1.00000000
408	409	22
0.98579143 -0.00805748 -0.16778061 -7.94798089
0.00075957 0.99905246 -0.04351557 -1.10374203
0.16797226 0.04276984 0.98486347 36.17848743
0.00000000 0.00000000 0.00000000 1.00000000
409	410	22
0.98137557 -0.05137081 -0.18510278 -9.68790302
0.05473286 0.99841515 0.01309599 12.30775053
0.18413667 -0.02298329 0.98263190 39.53826676
0.00000000 0.00000000 0.00000000 1.00000000
410	411	22
0.99977726 0.01984981 -0.00716990 -0.49130663
-0.01976232 0.99973181 0.01207312 -3.82103379
0.00740763 -0.01192874 0.99990141 1.68078616
0.00000000 0.00000000 0.00000000 1.00000000
411	412	22
0.99967884 0.01427879 0.02093634 0.89359011
-0.01459265 0.99978226 0.01491585 -2.46862247
-0.02071880 -0.01521657 0.99966954 -4.41528246
0.00000000 0.00000000 0.00000000 1.00000000
412	413	22
0.99124961 -0.12841259 0.03056827 0.70820972
0.12843473 0.99171718 0.00124625 27.75004311
-0.03047512 0.00269068 0.99953190 -6.76506543
0.00000000 0.00000000 0.00000000 1.00000000
413	414	22
0.99649660 0.08353132 0.00412910 -1.04985009
-0.08352650 0.99650467 -0.00132754 -18.36511319
-0.00422555 0.00097800 0.99999059 -1.00247704
0.00000000 0.00000000 0.00000000 1.00000000
414	415	22
0.98411461 -0.17393099 0.03558711 -0.10118006
0.17073439 0.98215819 0.07883567 40.61748479
-0.04866414 -0.07150739 0.99625222 -10.28873075
0.00000000 0.00000000 0.00000000 1.00000000
415	416	22
0.99985341 0.00148881 -0.01705727 -0.85893712
-0.00147056 0.99999833 0.00108205 -0.25270646
0.01705885 -0.00105680 0.99985393 3.45960000
0.00000000 0.00000000 0.00000000 1.00000000
416	417	22
0.99993440 -0.00111096 -0.01140049 -0.53697220
0.00112253 0.99999886 0.00100815 0.28135237
0.01139936 -0.00102088 0.99993450 2.34634337
0.00000000 0.00000000 0.00000000 1.00000000
417	418	22
0.99929217 -0.03603555 0.01079783 0.96758135
0.03616545 0.99927272 -0.01208646 6.91626946
-0.01035444 0.01246841 0.99986865 -2.28230628
0.00000000 0.00000000 0.00000000 1.00000000
418	419	22
0.99984156 0.01155586 -0.01353919 -0.48783292
-0.01115901 0.99951628 0.02902908 -0.64297476
0.01386809 -0.02887340 0.99948687 3.26910166
0.00000000 0.00000000 0.00000000 1.00000000
419	420	22
0.99434183 -0.06684375 -0.08256056 -4.47721014
0.05877042 0.99358468 -0.09662047 7.22479386
0.08848939 0.09122166 0.99189124 17.17115548
0.00000000 0.00000000 0.00000000 1.00000000
420	421	22
0.99992257 0.00999120 0.00741872 0.60043851
-0.00996728 0.99994503 -0.00325345 -2.20591119
-0.00745082 0.00317925 0.99996719 -1.35235593
0.00000000 0.00000000 0.00000000 1.00000000
421	422	22
1.00000000 0.00000000 0.00000000 -0.00000000
-0.00000000 1.00000000 0.00000000 0.00000000
-0.00000000 -0.00000000 1.00000000 -0.00000000
0.00000000 0.00000000 0.00000000 1.00000000
422	423	22
0.99031671 -0.01125473 -0.13836958 -8.68932501
0.01048620 0.99992529 -0.00628198 1.75083980
0.13842994 0.00477017 0.99036074 27.62377859
0.00000000 0.00000000 0.00000000 1.00000000
423	424	22
0.99997713 -0.00056925 0.00673899 0.46612430
0.00057776 0.99999904 -0.00126016 0.04274965
-0.00673827 0.00126403 0.99997650 -1.39188865
0.00000000 0.00000000 0.00000000 1.00000000
424	425	22
0.99708535 -0.06973409 0.03095105 1.74767285
0.06935813 0.99750633 0.01306012 13.76806930
-0.03178460 -0.01087534 0.99943557 -6.01592149
0.00000000 0.00000000 0.00000000 1.00000000
425	426	22
1.00000000 -0.00000000 -0.00000000 -0.00000000
-0.00000000 1.00000000 0.00000000 -0.00000000
-0.00000000 0.00000000 1.00000000 -0.00000000
0.00000000 0.00000000 0.00000000 1.00000000
426	427	22
0.99427508 -0.00645486 -0.10665553 -5.47166111
0.00632810 0.99997881 -0.00152685 1.06227612
0.10666312 0.00084318 0.99429486 19.32468881
0.00000000 0.00000000 0.00000000 1.00000000
427	428	22
0.99988537 0.00562110 -0.01405892 -0.49111387
-0.00554425 0.99996951 0.00549940 -0.80644632
0.01408941 -0.00542083 0.99988605 2.72556121
0.00000000 0.00000000 0.00000000 1.00000000
428	429	22
0.96513022 -0.06202434 0.25431603 6.16881217
0.08034403 0.99481945 -0.06228248 11.09950283
-0.24913551 0.08054348 0.96511359 -45.23822407
0.00000000 0.00000000 0.00000000 1.00000000
429	430	22
0.95672842 -0.06243145 0.28420597 5.00932162
0.05510160 0.99791117 0.03372121 10.73425915
-0.28571758 -0.01660183 0.95817005 -50.02732216
0.00000000 0.00000000 0.00000000 1.00000000
430	431	22
0.99949805 -0.01054611 -0.02987360 -0.69757953
0.00997953 0.99976869 -0.01905192 1.06362630
0.03006761 0.01874423 0.99937210 5.07002595
0.00000000 0.00000000 0.00000000 1.00000000
431	432	22
0.99730481 0.03728108 0.06319199 1.86860651
-0.03656550 0.99925379 -0.01244323 -6.07809614
-0.06360873 0.01009904 0.99792381 -10.18576572
0.00000000 0.00000000 0.00000000 1.00000000
432	433	22
0.96538064 -0.01812050 -0.26021506 -11.94439938
0.01866275 0.99982576 -0.00038694 2.89451956
0.26017673 -0.00448278 0.96555061 40.52839155
0.00000000 0.00000000 0.00000000 1.00000000
433	434	22
1.00000000 -0.00000000 -0.00000000 0.00000000
0.00000000 1.00000000 0.00000000 0.00000000
-0.00000000 -0.00000000 1.00000000 0.00000000
0.00000000 0.00000000 0.00000000 1.00000000
434	435	22
0.97135640 -0.17420359 -0.16161640 -5.58063280
0.17616503 0.98435813 -0.00222561 25.40822814
0.15947613 -0.02630930 0.98685115 22.94286373
0.00000000 0.00000000 0.00000000 1.00000000
435	436	22
0.99976828 -0.01920909 -0.00971537 -0.12401574
0.01915221 0.99979908 -0.00591466 2.55927951
0.00982703 0.00572722 0.99993531 1.35576310
0.00000000 0.00000000 0.00000000 1.00000000
436	437	22
0.99634587 0.00390969 -0.08532070 -1.90278440
-0.00454500 0.99996337 -0.00725320 -0.74549964
0.08528922 0.00761448 0.99632714 11.71019551
0.00000000 0.00000000 0.00000000 1.00000000
437	438	22
0.99472508 -0.06376687 0.08034799 1.19266316
0.06747505 0.99673647 -0.04431174 7.19556351
-0.07726015 0.04949948 0.99578144 -9.22797243
0.00000000 0.00000000 0.00000000 1.00000000
438	439	22
0.99971572 -0.01342374 0.01970496 0.31858342
0.01322491 0.99986066 0.01018627 1.81644371
-0.01983895 -0.00992278 0.99975395 -2.38378248
0.00000000 0.00000000 0.00000000 1.00000000
439	440	22
0.99992609 -0.00201549 0.01198988 0.19674564
0.00201857 0.99999793 -0.00024504 0.21091846
-0.01198936 0.00026922 0.99992809 -1.35368289
0.00000000 0.00000000 0.00000000 1.00000000
440	441	22
0.99975989 0.00449953 0.02144552 0.21723132
-0.00438648 0.99997625 -0.00531573 -0.54010921
-0.02146893 0.00522038 0.99975589 -2.35828612
0.00000000 0.00000000 0.00000000 1.00000000
441	442	22
0.94776066 -0.12765325 -0.29232580 -5.74539297
0.12960548 0.99148349 -0.01276355 14.45396350
0.29146551 -0.02579023 0.95623361 32.26283988
0.00000000 0.00000000 0.00000000 1.00000000
442	443	22
0.99062427 -0.07530830 -0.11398339 -0.69907383
0.07374676 0.99711704 -0.01786100 7.37323779
0.11499986 0.00928764 0.99332209 11.62751153
0.00000000 0.00000000 0.00000000 1.00000000
443	444	22
0.99376988 -0.04711784 0.10100169 0.24801812
0.04962980 0.99851416 -0.02250231 4.38302254
-0.09979136 0.02737481 0.99463174 -9.28878975
0.00000000 0.00000000 0.00000000 1.00000000
444	445	22
0.99948345 0.00253088 -0.03203785 0.19653883
-0.00272949 0.99997732 -0.00615675 -0.24625903
0.03202154 0.00624102 0.99946769 3.08586147
0.00000000 0.00000000 0.00000000 1.00000000
445	446	22
1.00000000 -0.00000000 -0.00000000 -0.00000000
-0.00000000 1.00000000 0.00000000 -0.00000000
0.00000000 0.00000000 1.00000000 0.00000000
0.00000000 0.00000000 0.00000000 1.00000000
446	447	22
1.00000000 0.00000000 0.00000000 0.00000000
0.00000000 1.00000000 -0.00000000 0.00000000
0.00000000 0.00000000 1.00000000 -0.00000000
0.00000000 0.00000000 0.00000000 1.00000000
447	448	22
0.99967216 0.00800776 -0.02431963 0.21042023
-0.00779407 0.99993030 0.00886886 -0.62746180
0.02438896 -0.00867640 0.99966489 1.76858433
0.00000000 0.00000000 0.00000000 1.00000000
448	449	22
0.99952563 0.03070780 -0.00235355 0.00194794
-0.03072616 0.99949415 -0.00820648 -2.03779030
0.00210036 0.00827491 0.99996356 0.00990497
0.00000000 0.00000000 0.00000000 1.00000000
449	450	22
0.99782164 -0.06439846 0.01431097 0.05009175
0.06463453 0.99776933 -0.01669542 4.12735566
-0.01320388 0.01758404 0.99975820 -0.81479764
0.00000000 0.00000000 0.00000000 1.00000000
450	451	22
0.99998128 0.00590142 0.00161715 -0.00142076
-0.00589785 0.99998019 -0.00220011 -0.33959884
-0.00163011 0.00219053 0.99999627 -0.11314547
0.00000000 0.00000000 0.00000000 1.00000000
451	452	22
0.99991450 0.01272417 0.00301480 -0.00446325
-0.01276927 0.99979915 0.01544711 -0.81808720
-0.00281765 -0.01548429 0.99987614 -0.11062669
0.00000000 0.00000000 0.00000000 1.00000000
452	453	22
0.98939466 0.02439646 -0.14318877 1.35166461
-0.02028430 0.99934079 0.03010857 -1.27608367
0.14382892 -0.02688477 0.98923731 6.71812019
0.00000000 0.00000000 0.00000000 1.00000000
453	454	22
0.98970372 0.03032671 -0.13988152 1.10349057
-0.02677271 0.99927089 0.02721982 -1.49874662
0.14060501 -0.02319455 0.98979404 6.13274433
0.00000000 0.00000000 0.00000000 1.00000000
454	455	22
0.99421933 -0.05777588 0.09049795 -0.35830010
0.05695248 0.99830884 0.01165682 2.19649513
-0.09101839 -0.00643535 0.99582842 -3.56951990
0.00000000 0.00000000 0.00000000 1.00000000
455	456	22
0.99957440 0.02868264 0.00532184 -0.04242412
-0.02865591 0.99957667 -0.00503232 -0.83478688
-0.00546393 0.00487768 0.99997318 -0.12918971
0.00000000 0.00000000 0.00000000 1.00000000
456	457	22
0.99999291 -0.00030937 0.00375283 0.14390518
0.00032650 0.99998953 -0.00456479 0.02334223
-0.00375138 0.00456598 0.99998254 -0.06110367
0.00000000 0.00000000 0.00000000 1.00000000
457	458	22
0.98864350 0.14665059 -0.03282735 -0.16625236
-0.14443801 0.98757754 0.06187301 -3.58313840
0.04149327 -0.05642883 0.99754403 1.32844355
0.00000000 0.00000000 0.00000000 1.00000000
458	459	22
1.00000000 0.00000000 0.00000000 0.00000000
-0.00000000 1.00000000 -0.00000000 -0.00000000
0.00000000 0.00000000 1.00000000 0.00000000
0.00000000 0.00000000 0.00000000 1.00000000
459	460	22
0.99922107 -0.00450836 0.03920369 -0.07829927
0.00461502 0.99998589 -0.00263050 0.08214276
-0.03919128 0.00280938 0.99922778 -0.50930981
0.00000000 0.00000000 0.00000000 1.00000000
460	461	22
0.99998586 0.00175549 0.00502013 0.01735836
-0.00174834 0.99999745 -0.00142823 -0.01913174
-0.00502263 0.00141943 0.99998638 -0.07527988
0.00000000 0.00000000 0.00000000 1.00000000
461	462	22
1.00000000 -0.00000000 0.00000000 -0.00000000
-0.00000000 1.00000000 0.00000000 0.00000000
0.00000000 0.00000000 1.00000000 0.00000000
0.00000000 0.00000000 0.00000000 1.00000000
462	463	22
1.00000000 -0.00000000 0.00000000 -0.00000000
-0.00000000 1.00000000 -0.00000000 0.00000000
0.00000000 -0.00000000 1.00000000 0.00000000
0.00000000 0.00000000 0.00000000 1.00000000
463	464	22
0.99251735 0.00319484 -0.12206185 1.33280865
-0.00232776 0.99997104 0.00724559 -0.09946437
0.12208147 -0.00690725 0.99249605 0.85786430
0.00000000 0.00000000 0.00000000 1.00000000
464	465	22
0.99997231 -0.00743294 -0.00034837 0.01338612
0.00743362 0.99997042 0.00197717 0.04108924
0.00033367 -0.00197970 0.99999798 -0.00070500
0.00000000 0.00000000 0.00000000 1.00000000
465	466	22
0.99999998 0.00001386 -0.00018634 0.00279809
-0.00001384 0.99999999 0.00010863 -0.00057158
0.00018634 -0.00010863 0.99999998 -0.00018965
0.00000000 0.00000000 0.00000000 1.00000000
466	467	22
1.00000000 -0.00000000 0.00000000 -0.00000000
0.00000000 1.00000000 0.00000000 0.00000000
0.00000000 -0.00000000 1.00000000 0.00000000
0.00000000 0.00000000 0.00000000 1.00000000
467	468	22
1.00000000 -0.00000000 -0.00000000 0.00000000
-0.00000000 1.00000000 0.00000000 -0.00000000
-0.00000000 0.00000000 1.00000000 -0.00000000
0.00000000 0.00000000 0.00000000 1.00000000
468	469	22
1.00000000 0.00000000 -0.00000000 0.00000000
-0.00000000 1.00000000 -0.00000000 0.00000000
0.00000000 0.00000000 1.00000000 -0.00000000
0.00000000 0.00000000 0.00000000 1.00000000
469	470	22
0.99999995 0.00012247 -0.00029355 0.00406249
-0.00012250 0.99999998 -0.00012621 0.00086083
0.00029353 0.00012624 0.99999995 0.00082212
0.00000000 0.00000000 0.00000000 1.00000000
470	471	22
0.99999916 -0.00095998 -0.00086524 0.01486594
0.00096097 0.99999889 0.00114208 -0.00390469
0.00086415 -0.00114291 0.99999897 0.00775166
0.00000000 0.00000000 0.00000000 1.00000000
471	472	22
1.00000000 -0.00000000 -0.00000000 0.00000000
0.00000000 1.00000000 -0.00000000 0.00000000
0.00000000 0.00000000 1.00000000 0.00000000
0.00000000 0.00000000 0.00000000 1.00000000
472	473	22
1.00000000 -0.00000000 -0.00000000 0.00000000
-0.00000000 1.00000000 -0.00000000 0.00000000
-0.00000000 0.00000000 1.00000000 0.00000000
0.00000000 0.00000000 0.00000000 1.00000000
473	474	22
1.00000000 0.00000000 -0.00000000 -0.00000000
0.00000000 1.00000000 0.00000000 0.00000000
-0.00000000 0.00000000 1.00000000 -0.00000000
0.00000000 0.00000000 0.00000000 1.00000000
474	475	22
0.99999243 0.00288689 -0.00260826 0.02745623
-0.00289739 0.99998768 -0.00403124 0.03755503
0.00259659 0.00403877 0.99998847 -0.04680931
0.00000000 0.00000000 0.00000000 1.00000000
475	476	22
1.00000000 -0.00000000 0.00000000 0.00000000
0.00000000 1.00000000 -0.00000000 0.00000000
0.00000000 0.00000000 1.00000000 -0.00000000
0.00000000 0.00000000 0.00000000 1.00000000
476	477	22
1.00000000 0.00000000 0.00000000 -0.00000000
-0.00000000 1.00000000 0.00000000 -0.00000000
-0.00000000 0.00000000 1.00000000 0.00000000
0.00000000 0.00000000 0.00000000 1.00000000
477	478	22
1.00000000 0.00000000 -0.00000000 -0.00000000
0.00000000 1.00000000 -0.00000000 0.00000000
-0.00000000 0.00000000 1.00000000 -0.00000000
0.00000000 0.00000000 0.00000000 1.00000000
478	479	22
0.99999138 -0.00334838 -0.00245687 0.03552855
0.00335393 0.99999182 0.00225890 -0.00577968
0.00244929 -0.00226712 0.99999443 0.04077469
0.00000000 0.00000000 0.00000000 1.00000000
479	480	22
1.00000000 0.00000000 -0.00000000 0.00000000
0.00000000 1.00000000 0.00000000 -0.00000000
-0.00000000 0.00000000 1.00000000 -0.00000000
0.00000000 0.00000000 0.00000000 1.00000000
480	481	22
0.99967287 0.00064938 0.02556818 0.00788923
-0.00063394 0.99999961 -0.00061190 -0.00535973
-0.02556857 0.00059549 0.99967289 -0.17555042
0.00000000 0.00000000 0.00000000 1.00000000
481	482	22
1.00000000 0.00000000 -0.00000000 -0.00000000
0.00000000 1.00000000 0.00000000 0.00000000
-0.00000000 -0.00000000 1.00000000 0.00000000
0.00000000 0.00000000 0.00000000 1.00000000
482	483	22
0.99954235 0.00352429 -0.03004459 0.29823692
-0.00357227 0.99999243 -0.00154340 0.01617372
0.03003892 0.00165002 0.99954737 0.18439532
0.00000000 0.00000000 0.00000000 1.00000000
483	484	22
1.00000000 0.00000000 0.00000000 -0.00000000
-0.00000000 1.00000000 -0.00000000 0.00000000
0.00000000 -0.00000000 1.00000000 0.00000000
0.00000000 0.00000000 0.00000000 1.00000000
484	485	22
0.99983815 0.00211268 0.01786661 -0.08564036
-0.00206094 0.99999363 -0.00291390 0.03745361
-0.01787265 0.00287661 0.99983613 0.21201296
0.00000000 0.00000000 0.00000000 1.00000000
485	486	22
1.00000000 0.00000000 -0.00000000 -0.00000000
0.00000000 1.00000000 -0.00000000 0.00000000
-0.00000000 0.00000000 1.00000000 0.00000000
0.00000000 0.00000000 0.00000000 1.00000000
128	278	22
0.99115962 -0.00202726 0.13265931 -19.66274507
-0.00264366 0.99938296 0.03502429 -5.09670927
-0.13264846 -0.03506537 0.99054268 18.77494844
0.00000000 0.00000000 0.00000000 1.00000000
128	280	22
0.99994821 -0.00239255 -0.00989231 1.55879632
0.00237255 0.99999512 -0.00203358 0.03696855
0.00989713 0.00201000 0.99994900 -1.28000682
0.00000000 0.00000000 0.00000000 1.00000000
4	481	22
0.99675326 -0.07961415 -0.01202203 0.09590663
0.07993022 0.99638973 0.02861228 -0.25686504
0.00970068 -0.02948031 0.99951829 -0.14487175
0.00000000 0.00000000 0.00000000 1.00000000
6	485	22
1.00000000 -0.00000000 -0.00000000 0.00000000
0.00000000 1.00000000 -0.00000000 0.00000000
-0.00000000 0.00000000 1.00000000 0.00000000
0.00000000 0.00000000 0.00000000 1.00000000
7	484	22
0.93939463 0.03517777 -0.34102822 6.67828456
-0.03752822 0.99929552 -0.00029562 0.08323329
0.34077757 0.01307589 0.94005301 -0.22462416
0.00000000 0.00000000 0.00000000 1.00000000
7	485	22
0.94823184 0.00529370 0.31753480 -7.14553427
0.01409612 0.99817408 -0.05873506 1.36625075
-0.31726594 0.06017046 0.94642582 -1.23102782
0.00000000 0.00000000 0.00000000 1.00000000
134	286	22
0.99961998 -0.02132416 -0.01746949 2.65950475
0.02112977 0.99971359 -0.01123745 -0.30908053
0.01770412 0.01086405 0.99978425 -1.65508771
0.00000000 0.00000000 0.00000000 1.00000000
138	288	22
0.99997902 -0.00133989 0.00633832 -1.11177383
0.00136024 0.99999393 -0.00320870 0.42079022
-0.00633398 0.00321725 0.99997476 0.56323330
0.00000000 0.00000000 0.00000000 1.00000000
138	290	22
0.98219206 0.08886332 0.16553572 -26.58127670
-0.09219192 0.99566256 0.01251868 4.79774765
-0.16370527 -0.02755680 0.98612434 14.81979442
0.00000000 0.00000000 0.00000000 1.00000000
140	288	22
0.99946556 -0.02420726 -0.02196810 3.66752776
0.02402965 0.99967668 -0.00831310 -0.40673713
0.02216223 0.00778077 0.99972411 -1.62595357
0.00000000 0.00000000 0.00000000 1.00000000
144	292	22
0.99983881 -0.00020692 0.01795287 -2.92894171
0.00019186 0.99999963 0.00084072 -0.14939289
-0.01795304 -0.00083714 0.99983848 0.97499701
0.00000000 0.00000000 0.00000000 1.00000000
144	294	22
1.00000000 -0.00000000 0.00000000 0.00000000
-0.00000000 1.00000000 -0.00000000 0.00000000
-0.00000000 -0.00000000 1.00000000 0.00000000
0.00000000 0.00000000 0.00000000 1.00000000
146	294	22
0.99547699 -0.08753778 -0.03691464 6.24259053
0.09091089 0.99055647 0.10263080 -21.76132319
0.02758197 -0.10552255 0.99403432 -0.75192934
0.00000000 0.00000000 0.00000000 1.00000000
146	296	22
0.99991745 0.00139673 0.01277256 -2.36338658
-0.00137748 0.99999790 -0.00151591 0.31598191
-0.01277466 0.00149819 0.99991728 0.60481265
0.00000000 0.00000000 0.00000000 1.00000000
152	300	22
0.99976987 0.01735412 -0.01261098 2.47000742
-0.01756166 0.99970901 -0.01653709 3.17166196
0.01232032 0.01675476 0.99978372 -0.12226578
0.00000000 0.00000000 0.00000000 1.00000000
152	302	22
0.99809036 0.05777005 0.02186897 -3.58261141
-0.05787924 0.99831393 0.00439264 0.14605752
-0.02157834 -0.00565001 0.99975120 0.37155757
0.00000000 0.00000000 0.00000000 1.00000000
154	300	22
0.99625061 -0.01931998 -0.08432953 14.80518589
0.01838082 0.99976025 -0.01189908 1.78406150
0.08453920 0.01030442 0.99636687 -0.55417061
0.00000000 0.00000000 0.00000000 1.00000000
154	302	22
0.99755076 -0.01092645 0.06908756 -11.22137976
0.00917108 0.99962829 0.02567427 -4.49818000
-0.06934241 -0.02497778 0.99728017 1.28520244
0.00000000 0.00000000 0.00000000 1.00000000
154	304	22
0.99995547 -0.00160632 0.00929941 -1.87927545
0.00158165 0.99999521 0.00265935 -0.45623011
-0.00930363 -0.00264452 0.99995322 -0.19599547
0.00000000 0.00000000 0.00000000 1.00000000
154	306	22
0.99942114 -0.00663946 -0.03336618 5.49754159
0.00674678 0.99997242 0.00310495 -0.57741694
0.03334465 -0.00332827 0.99943837 -0.12023174
0.00000000 0.00000000 0.00000000 1.00000000
154	308	22
1.00000000 -0.00000000 -0.00000000 0.00000000
0.00000000 1.00000000 0.00000000 -0.00000000
-0.00000000 -0.00000000 1.00000000 0.00000000
0.00000000 0.00000000 0.00000000 1.00000000
