0	0	1
0.95055251 -0.30716394 0.04582839 246.27032326
0.15241928 0.58997803 0.79290245 5.32810841
-0.27058878 -0.74671028 0.60762280 248.89719485
0.00000000 0.00000000 0.00000000 1.00000000
1	1	2
0.95059290 -0.30701643 0.04597880 246.26887815
0.15226782 0.59018258 0.79277931 5.32747068
-0.27053216 -0.74660929 0.60777209 248.89635984
0.00000000 0.00000000 0.00000000 1.00000000
2	2	3
0.95057041 -0.30708718 0.04597130 246.26894735
0.15234164 0.59023647 0.79272501 5.32795418
-0.27056962 -0.74653759 0.60784348 248.89649758
0.00000000 0.00000000 0.00000000 1.00000000
3	3	4
0.95054917 -0.30721124 0.04557998 246.27212479
0.15271304 0.59012831 0.79273407 5.32665088
-0.27043486 -0.74657205 0.60786113 248.89542746
0.00000000 0.00000000 0.00000000 1.00000000
4	4	5
0.95048443 -0.30739061 0.04572055 246.27120337
0.15274243 0.59019678 0.79267743 5.32699576
-0.27064572 -0.74644409 0.60792443 248.89387975
0.00000000 0.00000000 0.00000000 1.00000000
5	5	6
0.95057492 -0.30712184 0.04564535 246.27258842
0.15258243 0.59008584 0.79279083 5.32544080
-0.27041806 -0.74664240 0.60778219 248.89616904
0.00000000 0.00000000 0.00000000 1.00000000
6	6	7
0.95053772 -0.30726439 0.04546035 246.27557823
0.15283515 0.59009038 0.79273877 5.32613742
-0.27040611 -0.74658016 0.60786396 248.89406832
0.00000000 0.00000000 0.00000000 1.00000000
7	7	8
0.95052215 -0.30731123 0.04546928 246.27472337
0.15289333 0.59018372 0.79265806 5.32806045
-0.27042795 -0.74648710 0.60796853 248.89173187
0.00000000 0.00000000 0.00000000 1.00000000
8	8	9
0.95057273 -0.30718371 0.04527321 246.28018241
0.15303983 0.59037605 0.79248655 5.33182770
-0.27016717 -0.74638749 0.60820672 248.88421006
0.00000000 0.00000000 0.00000000 1.00000000
9	9	10
0.95062928 -0.30701735 0.04521421 246.28097626
0.15294696 0.59029573 0.79256431 5.32920663
-0.27002075 -0.74651946 0.60810977 248.88711170
0.00000000 0.00000000 0.00000000 1.00000000
10	10	11
0.95059294 -0.30707556 0.04558135 246.26543998
0.15277508 0.59055724 0.79240262 5.33341663
-0.27024588 -0.74628865 0.60829304 248.87877211
0.00000000 0.00000000 0.00000000 1.00000000
11	11	12
0.95059304 -0.30709600 0.04544146 246.27210129
0.15293784 0.59064637 0.79230479 5.33774245
-0.27015346 -0.74620970 0.60843093 248.87208802
0.00000000 0.00000000 0.00000000 1.00000000
12	12	13
0.95041739 -0.30765393 0.04534129 246.27546168
0.15325650 0.59024892 0.79253938 5.32621889
-0.27059050 -0.74629436 0.60813280 248.88357397
0.00000000 0.00000000 0.00000000 1.00000000
13	13	14
0.95038537 -0.30773259 0.04547857 246.26915961
0.15317842 0.59020191 0.79258948 5.32345922
-0.27074716 -0.74629911 0.60805725 248.88739002
0.00000000 0.00000000 0.00000000 1.00000000
14	14	15
0.95048922 -0.30746319 0.04512895 246.28961172
0.15338702 0.59047826 0.79234326 5.33639806
-0.27026405 -0.74619154 0.60840408 248.86675535
0.00000000 0.00000000 0.00000000 1.00000000
15	15	16
0.95056133 -0.30727268 0.04490720 246.30450120
0.15332622 0.59015713 0.79259424 5.32022847
-0.27004486 -0.74652399 0.60809351 248.88732323
0.00000000 0.00000000 0.00000000 1.00000000
16	16	17
0.95058246 -0.30711892 0.04550784 246.26122329
0.15278054 0.59032173 0.79257704 5.31787519
-0.27027967 -0.74645712 0.60807128 248.88746168
0.00000000 0.00000000 0.00000000 1.00000000
17	17	18
0.95048963 -0.30743436 0.04531643 246.27606440
0.15322488 0.59051619 0.79234637 5.33638945
-0.27035459 -0.74617340 0.60838611 248.86532263
0.00000000 0.00000000 0.00000000 1.00000000
18	18	19
0.95047916 -0.30746716 0.04531351 246.27682751
0.15334466 0.59077849 0.79212764 5.35440110
-0.27032348 -0.74595223 0.60867108 248.84218366
0.00000000 0.00000000 0.00000000 1.00000000
19	19	20
0.95050226 -0.30732189 0.04581176 246.23303991
0.15281053 0.59072310 0.79227215 5.34122099
-0.27054463 -0.74605595 0.60844566 248.86170403
0.00000000 0.00000000 0.00000000 1.00000000
20	20	21
0.95059045 -0.30705660 0.04576066 246.23523833
0.15276442 0.59097597 0.79209244 5.35662310
-0.27026066 -0.74596491 0.60868344 248.84031178
0.00000000 0.00000000 0.00000000 1.00000000
21	21	22
0.95053271 -0.30719803 0.04601016 246.20839191
0.15261203 0.59086389 0.79220542 5.34505986
-0.27054968 -0.74599546 0.60851757 248.85648146
0.00000000 0.00000000 0.00000000 1.00000000
22	22	23
0.95055874 -0.30712521 0.04595859 246.21347080
0.15266592 0.59103054 0.79207071 5.35848593
-0.27042782 -0.74589343 0.60869680 248.83994028
0.00000000 0.00000000 0.00000000 1.00000000
23	23	24
0.95054319 -0.30720142 0.04577048 246.23098460
0.15282338 0.59088954 0.79214555 5.35057450
-0.27039354 -0.74597375 0.60861358 248.84897625
0.00000000 0.00000000 0.00000000 1.00000000
24	24	25
0.95058094 -0.30704971 0.04600381 246.20612260
0.15255527 0.59097085 0.79213657 5.35074336
-0.27041221 -0.74597180 0.60860767 248.84909192
0.00000000 0.00000000 0.00000000 1.00000000
25	25	26
0.95063427 -0.30685904 0.04617367 246.18923446
0.15234663 0.59114338 0.79204798 5.35968094
-0.27034234 -0.74591356 0.60871010 248.83860049
0.00000000 0.00000000 0.00000000 1.00000000
26	26	27
0.95055034 -0.30710248 0.04628293 246.17587068
0.15249583 0.59134927 0.79186556 5.37981978
-0.27055326 -0.74565012 0.60893910 248.81442195
0.00000000 0.00000000 0.00000000 1.00000000
27	27	28
0.95065047 -0.30677686 0.04638582 246.16401646
0.15225129 0.59152210 0.79178353 5.38791403
-0.27033910 -0.74564708 0.60903793 248.80332386
0.00000000 0.00000000 0.00000000 1.00000000
28	28	29
0.95073515 -0.30654325 0.04619421 246.18635988
0.15232378 0.59172041 0.79162139 5.40369364
-0.27000025 -0.74558581 0.60926322 248.77734184
0.00000000 0.00000000 0.00000000 1.00000000
29	29	30
0.95084464 -0.30624545 0.04591515 246.21577856
0.15238806 0.59181596 0.79153758 5.41157082
-0.26957810 -0.74563235 0.60939318 248.76229605
0.00000000 0.00000000 0.00000000 1.00000000
30	30	31
0.95081122 -0.30640023 0.04557319 246.25294411
0.15294126 0.59226750 0.79109303 5.46063721
-0.26938261 -0.74521011 0.60999583 248.69484699
0.00000000 0.00000000 0.00000000 1.00000000
31	31	32
0.95079238 -0.30648528 0.04539416 246.27316231
0.15318815 0.59237821 0.79096236 5.47293741
-0.26930883 -0.74508713 0.61017860 248.67376572
0.00000000 0.00000000 0.00000000 1.00000000
32	32	33
0.95065322 -0.30690135 0.04549732 246.26278730
0.15335906 0.59230422 0.79098465 5.46932082
-0.26970252 -0.74497468 0.61014202 248.68185488
0.00000000 0.00000000 0.00000000 1.00000000
33	33	34
0.95056180 -0.30716597 0.04562163 246.24903375
0.15331764 0.59197774 0.79123704 5.43921893
-0.27004808 -0.74512510 0.60980539 248.72395686
0.00000000 0.00000000 0.00000000 1.00000000
34	34	35
0.95075157 -0.30659179 0.04552941 246.25639550
0.15304348 0.59208868 0.79120710 5.44658731
-0.26953505 -0.74527342 0.60985112 248.70993787
0.00000000 0.00000000 0.00000000 1.00000000
35	35	36
0.95074827 -0.30665053 0.04520162 246.29016872
0.15340498 0.59222345 0.79103622 5.45988139
-0.26934114 -0.74514216 0.61009714 248.67969011
0.00000000 0.00000000 0.00000000 1.00000000
36	36	37
0.95073799 -0.30669231 0.04513430 246.29880298
0.15337277 0.59190062 0.79128405 5.43265741
-0.26939576 -0.74538143 0.60978065 248.71623474
0.00000000 0.00000000 0.00000000 1.00000000
37	37	38
0.95088650 -0.30619864 0.04535707 246.26864916
0.15315013 0.59272818 0.79070749 5.50467259
-0.26899797 -0.74492664 0.61051159 248.62736546
0.00000000 0.00000000 0.00000000 1.00000000
38	38	39
0.95067877 -0.30687654 0.04512945 246.29947366
0.15367210 0.59237026 0.79087443 5.46939847
-0.26943416 -0.74493239 0.61031219 248.66272668
0.00000000 0.00000000 0.00000000 1.00000000
39	39	40
0.95057202 -0.30721416 0.04508099 246.30936465
0.15404170 0.59264406 0.79059735 5.48729623
-0.26959968 -0.74457537 0.61067466 248.62888196
0.00000000 0.00000000 0.00000000 1.00000000
40	40	41
0.95048110 -0.30745755 0.04533791 246.28337241
0.15390333 0.59239386 0.79081179 5.46764073
-0.26999895 -0.74467401 0.61037791 248.67814158
0.00000000 0.00000000 0.00000000 1.00000000
41	41	42
0.95044000 -0.30762557 0.04505900 246.31621664
0.15428372 0.59248693 0.79066793 5.46786168
-0.26992654 -0.74453056 0.61058490 248.65295122
0.00000000 0.00000000 0.00000000 1.00000000
42	42	43
0.95048496 -0.30755164 0.04461320 246.36493660
0.15446190 0.59209409 0.79092737 5.42956930
-0.26966622 -0.74487353 0.61028154 248.67221117
0.00000000 0.00000000 0.00000000 1.00000000
43	43	44
0.95055571 -0.30731080 0.04476515 246.34705572
0.15429194 0.59242751 0.79071085 5.46314986
-0.26951409 -0.74470780 0.61055093 248.63524632
0.00000000 0.00000000 0.00000000 1.00000000
44	44	45
0.95049701 -0.30745051 0.04505142 246.31663642
0.15399412 0.59199980 0.79108915 5.43550060
-0.26989119 -0.74499022 0.61003961 248.71204545
0.00000000 0.00000000 0.00000000 1.00000000
45	45	46
0.95051588 -0.30739270 0.04504771 246.31550730
0.15382963 0.59164591 0.79138585 5.41029246
-0.26991852 -0.74529514 0.60965494 248.75589133
0.00000000 0.00000000 0.00000000 1.00000000
46	46	47
0.95052503 -0.30730030 0.04548297 246.26583297
0.15338466 0.59159170 0.79151273 5.42389692
-0.27013945 -0.74537627 0.60945787 248.79219850
0.00000000 0.00000000 0.00000000 1.00000000
47	47	48
0.95049730 -0.30740031 0.04538639 246.27705724
0.15356456 0.59167829 0.79141312 5.42280672
-0.27013478 -0.74526630 0.60959441 248.77795527
0.00000000 0.00000000 0.00000000 1.00000000
48	48	49
0.95057364 -0.30721699 0.04502757 246.31118971
0.15364388 0.59141695 0.79159304 5.39507946
-0.26982090 -0.74554927 0.60938738 248.77893995
0.00000000 0.00000000 0.00000000 1.00000000
49	49	50
0.95047454 -0.30749274 0.04523665 246.29355532
0.15360937 0.59128420 0.79169890 5.38599762
-0.27018938 -0.74554088 0.60923435 248.82312746
0.00000000 0.00000000 0.00000000 1.00000000
50	50	51
0.95069092 -0.30681914 0.04526359 246.27791883
0.15318797 0.59144841 0.79165790 5.42412329
-0.26966687 -0.74568814 0.60928563 248.77753661
0.00000000 0.00000000 0.00000000 1.00000000
51	51	52
0.95042949 -0.30767601 0.04493618 246.33040732
0.15390099 0.59105401 0.79181415 5.34770640
-0.27018193 -0.74564779 0.60910680 248.83739519
0.00000000 0.00000000 0.00000000 1.00000000
52	52	53
0.95029239 -0.30815222 0.04457114 246.38115067
0.15437968 0.59064139 0.79202883 5.27955419
-0.27039100 -0.74577809 0.60885446 248.88029016
0.00000000 0.00000000 0.00000000 1.00000000
53	53	54
0.95018929 -0.30842102 0.04490862 246.35442548
0.15450556 0.59125885 0.79154343 5.32355349
-0.27068125 -0.74517746 0.60946059 248.84670656
0.00000000 0.00000000 0.00000000 1.00000000
54	54	55
0.95048313 -0.30758166 0.04444479 246.37964476
0.15440369 0.59148945 0.79139101 5.34989202
-0.26970598 -0.74534136 0.60969249 248.73087324
0.00000000 0.00000000 0.00000000 1.00000000
55	55	56
0.95068242 -0.30695427 0.04451988 246.35456464
0.15392243 0.59151280 0.79146731 5.38962398
-0.26927835 -0.74558144 0.60958796 248.69731466
0.00000000 0.00000000 0.00000000 1.00000000
56	56	57
0.95079153 -0.30666177 0.04420445 246.37861826
0.15406303 0.59172660 0.79128011 5.39577577
-0.26881231 -0.74553215 0.60985388 248.62220674
0.00000000 0.00000000 0.00000000 1.00000000
57	57	58
0.95082634 -0.30655954 0.04416471 246.37898833
0.15424619 0.59233608 0.79078826 5.43063587
-0.26858403 -0.74509007 0.61049439 248.53148457
0.00000000 0.00000000 0.00000000 1.00000000
58	58	59
0.95069516 -0.30696324 0.04418471 246.38901966
0.15449046 0.59229659 0.79077016 5.40568383
-0.26890782 -0.74495524 0.61051639 248.56382193
0.00000000 0.00000000 0.00000000 1.00000000
59	59	60
0.95068715 -0.30701581 0.04399133 246.40899042
0.15484615 0.59273721 0.79037033 5.40715064
-0.26873149 -0.74458303 0.61104787 248.48947925
0.00000000 0.00000000 0.00000000 1.00000000
60	60	61
0.95078065 -0.30672023 0.04403235 246.39705700
0.15470166 0.59299023 0.79020882 5.44443020
-0.26848378 -0.74450338 0.61125377 248.44190786
0.00000000 0.00000000 0.00000000 1.00000000
61	61	62
0.95050509 -0.30757566 0.04401474 246.42755186
0.15503462 0.59225558 0.79069438 5.34875516
-0.26926631 -0.74473522 0.61062681 248.60162923
0.00000000 0.00000000 0.00000000 1.00000000
62	62	63
0.95055515 -0.30737762 0.04431609 246.39101171
0.15468182 0.59234671 0.79069521 5.39270729
-0.26929249 -0.74474450 0.61060394 248.60761791
0.00000000 0.00000000 0.00000000 1.00000000
63	63	64
0.95050536 -0.30757378 0.04402194 246.42524439
0.15511490 0.59249771 0.79049720 5.35760309
-0.26921912 -0.74454337 0.61088153 248.57127143
0.00000000 0.00000000 0.00000000 1.00000000
64	64	65
0.95030758 -0.30805310 0.04493098 246.35490958
0.15492696 0.59316184 0.79003586 5.43137066
-0.27002434 -0.74381605 0.61141193 248.63053742
0.00000000 0.00000000 0.00000000 1.00000000
65	65	66
0.95019849 -0.30840328 0.04483580 246.37691775
0.15529345 0.59329400 0.78986466 5.39963930
-0.27019766 -0.74356550 0.61164007 248.63501723
0.00000000 0.00000000 0.00000000 1.00000000
66	66	67
0.95016946 -0.30843902 0.04520372 246.34415558
0.15499762 0.59325437 0.78995253 5.43167175
-0.27046949 -0.74358229 0.61149949 248.68570634
0.00000000 0.00000000 0.00000000 1.00000000
67	67	68
0.95013550 -0.30853359 0.04527205 246.34030358
0.15498696 0.59320351 0.78999281 5.42894716
-0.27059485 -0.74358363 0.61144240 248.70913758
0.00000000 0.00000000 0.00000000 1.00000000
68	68	69
0.95019529 -0.30834697 0.04528868 246.33052234
0.15488479 0.59331139 0.78993183 5.45076267
-0.27044338 -0.74357497 0.61151995 248.68150146
0.00000000 0.00000000 0.00000000 1.00000000
69	69	70
0.95019616 -0.30835172 0.04523793 246.33599500
0.15493234 0.59331717 0.78991816 5.44506233
-0.27041306 -0.74356839 0.61154135 248.67541874
0.00000000 0.00000000 0.00000000 1.00000000
70	70	71
0.95023386 -0.30821195 0.04539824 246.31581821
0.15480447 0.59359479 0.78973464 5.48452561
-0.27035381 -0.74340475 0.61176646 248.64827447
0.00000000 0.00000000 0.00000000 1.00000000
71	71	72
0.95021736 -0.30836289 0.04471352 246.38178960
0.15547920 0.59360158 0.78959698 5.39500223
-0.27002442 -0.74333673 0.61199454 248.57709116
0.00000000 0.00000000 0.00000000 1.00000000
72	72	73
0.95016113 -0.30853292 0.04473544 246.38914897
0.15547281 0.59331402 0.78981433 5.37153125
-0.27022589 -0.74349573 0.61171240 248.63227135
0.00000000 0.00000000 0.00000000 1.00000000
73	73	74
0.95012701 -0.30854628 0.04536367 246.33253035
0.15500774 0.59344602 0.78980658 5.44617124
-0.27061277 -0.74338484 0.61167615 248.69834918
0.00000000 0.00000000 0.00000000 1.00000000
74	74	75
0.95011321 -0.30863869 0.04502268 246.36760035
0.15552689 0.59392009 0.78934803 5.40953267
-0.27036322 -0.74296776 0.61229294 248.60371605
0.00000000 0.00000000 0.00000000 1.00000000
75	75	76
0.95010931 -0.30865286 0.04500784 246.36859799
0.15547573 0.59371893 0.78950942 5.40109733
-0.27040634 -0.74312263 0.61208592 248.62988295
0.00000000 0.00000000 0.00000000 1.00000000
76	76	77
0.95008995 -0.30873501 0.04485294 246.38612926
0.15568928 0.59379757 0.78940819 5.37549590
-0.27035151 -0.74302567 0.61222783 248.60842789
0.00000000 0.00000000 0.00000000 1.00000000
77	77	78
0.95010994 -0.30872707 0.04448262 246.41740349
0.15596441 0.59372299 0.78940998 5.32780686
-0.27012259 -0.74308856 0.61225255 248.56671165
0.00000000 0.00000000 0.00000000 1.00000000
78	78	79
0.95016779 -0.30852436 0.04465300 246.39115343
0.15572829 0.59384461 0.78936511 5.37233300
-0.27005531 -0.74307557 0.61229799 248.55226876
0.00000000 0.00000000 0.00000000 1.00000000
79	79	80
0.95016487 -0.30853211 0.04466161 246.38893808
0.15566010 0.59366205 0.78951586 5.36893210
-0.27010490 -0.74321821 0.61210297 248.57782663
0.00000000 0.00000000 0.00000000 1.00000000
80	80	81
0.95016634 -0.30854981 0.04450766 246.40263458
0.15575965 0.59355064 0.78958000 5.34316894
-0.27004231 -0.74329984 0.61203145 248.57314520
0.00000000 0.00000000 0.00000000 1.00000000
81	81	82
0.95015363 -0.30855168 0.04476540 246.37950153
0.15567356 0.59389946 0.78933464 5.38482378
-0.27013667 -0.74302038 0.61232907 248.56776859
0.00000000 0.00000000 0.00000000 1.00000000
82	82	83
0.95024607 -0.30817908 0.04536589 246.30957017
0.15509514 0.59438200 0.78908525 5.51554025
-0.27014423 -0.74278913 0.61260624 248.54597155
0.00000000 0.00000000 0.00000000 1.00000000
83	83	84
0.95018481 -0.30826431 0.04606447 246.25388381
0.15444701 0.59403527 0.78947339 5.59696927
-0.27073039 -0.74303110 0.61205379 248.70068958
0.00000000 0.00000000 0.00000000 1.00000000
84	84	85
0.95011040 -0.30847397 0.04619554 246.25573525
0.15446573 0.59399173 0.78950247 5.59330157
-0.27098073 -0.74297889 0.61200638 248.75281575
0.00000000 0.00000000 0.00000000 1.00000000
85	85	86
0.95012129 -0.30847617 0.04595644 246.27457328
0.15463608 0.59390989 0.78953070 5.56055900
-0.27084539 -0.74304340 0.61198798 248.72868203
0.00000000 0.00000000 0.00000000 1.00000000
86	86	87
0.95008067 -0.30859253 0.04601484 246.27624750
0.15461751 0.59377366 0.78963679 5.55299232
-0.27099842 -0.74310396 0.61184669 248.77024107
0.00000000 0.00000000 0.00000000 1.00000000
87	87	88
0.94996324 -0.30893103 0.04616787 246.28099652
0.15469661 0.59370417 0.78967355 5.53416767
-0.27136472 -0.74301883 0.61178772 248.84491754
0.00000000 0.00000000 0.00000000 1.00000000
88	88	89
0.95002492 -0.30869417 0.04648181 246.24220689
0.15434779 0.59390746 0.78958894 5.61042767
-0.27134740 -0.74295480 0.61187315 248.83395746
0.00000000 0.00000000 0.00000000 1.00000000
89	89	90
0.95013727 -0.30834663 0.04649226 246.22391597
0.15413549 0.59400128 0.78955983 5.65593330
-0.27107458 -0.74302411 0.61190991 248.77861806
0.00000000 0.00000000 0.00000000 1.00000000
90	90	91
0.95010647 -0.30851017 0.04603455 246.27256333
0.15455542 0.59380287 0.78962699 5.56445593
-0.27094340 -0.74311482 0.61185786 248.75638829
0.00000000 0.00000000 0.00000000 1.00000000
91	91	92
0.95014107 -0.30829578 0.04675103 246.19553247
0.15434746 0.59526632 0.78856507 5.72069870
-0.27094060 -0.74203216 0.61317164 248.63351320
0.00000000 0.00000000 0.00000000 1.00000000
92	92	93
0.95012059 -0.30839568 0.04650777 246.22409826
0.15455517 0.59509456 0.78865402 5.66801925
-0.27089402 -0.74212841 0.61307574 248.63379289
0.00000000 0.00000000 0.00000000 1.00000000
93	93	94
0.94997291 -0.30881402 0.04674788 246.22462688
0.15454303 0.59482186 0.78886210 5.64377469
-0.27141833 -0.74217306 0.61278971 248.76939370
0.00000000 0.00000000 0.00000000 1.00000000
94	94	95
0.94985682 -0.30905747 0.04749205 246.16508046
0.15409032 0.59481747 0.78895396 5.72799706
-0.27208122 -0.74207524 0.61261419 248.92676455
0.00000000 0.00000000 0.00000000 1.00000000
95	95	96
0.94980372 -0.30924107 0.04735888 246.18857983
0.15420646 0.59448923 0.78917863 5.67342428
-0.27220079 -0.74226176 0.61233505 248.98120107
0.00000000 0.00000000 0.00000000 1.00000000
96	96	97
0.94978738 -0.30938243 0.04675945 246.26317853
0.15465770 0.59409700 0.78938568 5.55205603
-0.27200171 -0.74251685 0.61211421 248.96517533
0.00000000 0.00000000 0.00000000 1.00000000
97	97	98
0.94973383 -0.30955329 0.04671636 246.27670665
0.15480631 0.59408534 0.78936533 5.52161955
-0.27210414 -0.74245496 0.61214374 248.98150746
0.00000000 0.00000000 0.00000000 1.00000000
98	98	99
0.94976439 -0.30950839 0.04639133 246.31265533
0.15507085 0.59415407 0.78926167 5.47889094
-0.27184670 -0.74241868 0.61230211 248.90642004
0.00000000 0.00000000 0.00000000 1.00000000
99	99	100
0.94972444 -0.30965914 0.04620286 246.34394178
0.15537561 0.59427646 0.78910956 5.43519446
-0.27181226 -0.74225784 0.61251236 248.87021292
0.00000000 0.00000000 0.00000000 1.00000000
100	100	101
0.94988689 -0.30928279 0.04537679 246.42786287
0.15584182 0.59438043 0.78893930 5.35922063
-0.27097642 -0.74233150 0.61279337 248.65433765
0.00000000 0.00000000 0.00000000 1.00000000
101	101	102
0.94990916 -0.30922426 0.04530947 246.43290195
0.15589365 0.59447920 0.78885464 5.36033769
-0.27086853 -0.74227679 0.61290734 248.61546718
0.00000000 0.00000000 0.00000000 1.00000000
102	102	103
0.94998887 -0.30899488 0.04520309 246.43267936
0.15591220 0.59471918 0.78867007 5.38403488
-0.27057816 -0.74218008 0.61315267 248.51880045
0.00000000 0.00000000 0.00000000 1.00000000
103	103	104
0.95001344 -0.30896809 0.04486847 246.47626081
0.15610379 0.59453298 0.78877255 5.32623582
-0.27038133 -0.74234039 0.61304541 248.49168568
0.00000000 0.00000000 0.00000000 1.00000000
104	104	105
0.95004159 -0.30882189 0.04527712 246.41112898
0.15580135 0.59490918 0.78854867 5.42709886
-0.27045686 -0.74209980 0.61330333 248.47248462
0.00000000 0.00000000 0.00000000 1.00000000
105	105	106
0.95002783 -0.30886085 0.04530003 246.40970807
0.15589034 0.59513213 0.78836283 5.43687386
-0.27045392 -0.74190479 0.61354051 248.43868835
0.00000000 0.00000000 0.00000000 1.00000000
106	106	107
0.95002571 -0.30879437 0.04579502 246.33537808
0.15552689 0.59538687 0.78824226 5.53397168
-0.27067052 -0.74172806 0.61365866 248.46744023
0.00000000 0.00000000 0.00000000 1.00000000
107	107	108
0.95013588 -0.30844032 0.04589536 246.30007107
0.15517936 0.59532849 0.78835484 5.58866330
-0.27048323 -0.74192221 0.61350653 248.44890909
0.00000000 0.00000000 0.00000000 1.00000000
108	108	109
0.95016683 -0.30833930 0.04593330 246.28939492
0.15508330 0.59534144 0.78836396 5.60771284
-0.27042959 -0.74195380 0.61349197 248.43974553
0.00000000 0.00000000 0.00000000 1.00000000
109	109	110
0.95025247 -0.30810767 0.04571548 246.30778602
0.15509806 0.59532206 0.78837570 5.60268008
-0.27012003 -0.74206557 0.61349316 248.37462240
0.00000000 0.00000000 0.00000000 1.00000000
110	110	111
0.95024712 -0.30815705 0.04549342 246.34271747
0.15533769 0.59538121 0.78828384 5.56720404
-0.27000115 -0.74199760 0.61362768 248.32986836
0.00000000 0.00000000 0.00000000 1.00000000
111	111	112
0.95029519 -0.30800121 0.04554448 246.32663835
0.15519124 0.59538893 0.78830686 5.59333782
-0.26991615 -0.74205611 0.61359433 248.31687584
0.00000000 0.00000000 0.00000000 1.00000000
112	112	113
0.95032225 -0.30794502 0.04535952 246.35186790
0.15534752 0.59550283 0.78819003 5.58072166
-0.26973092 -0.74198804 0.61375808 248.25396322
0.00000000 0.00000000 0.00000000 1.00000000
113	113	114
0.95037463 -0.30781914 0.04511595 246.38086328
0.15547951 0.59554783 0.78813001 5.56506011
-0.26947020 -0.74200415 0.61385311 248.18704554
0.00000000 0.00000000 0.00000000 1.00000000
114	114	115
0.95055936 -0.30726204 0.04502149 246.36547390
0.15516172 0.59550914 0.78822186 5.61330154
-0.26900137 -0.74226606 0.61374210 248.11054082
0.00000000 0.00000000 0.00000000 1.00000000
115	115	116
0.95062534 -0.30707251 0.04492149 246.37219338
0.15510447 0.59548085 0.78825450 5.62011175
-0.26880117 -0.74236718 0.61370750 248.07744646
0.00000000 0.00000000 0.00000000 1.00000000
116	116	117
0.95073398 -0.30670017 0.04516529 246.31952854
0.15466017 0.59551691 0.78831455 5.69409431
-0.26867290 -0.74249216 0.61361247 248.06778305
0.00000000 0.00000000 0.00000000 1.00000000
117	117	118
0.95087918 -0.30622454 0.04533555 246.27285148
0.15419804 0.59553039 0.78839490 5.76603556
-0.26842457 -0.74267765 0.61349667 248.03832393
0.00000000 0.00000000 0.00000000 1.00000000
118	118	119
0.95075742 -0.30666350 0.04492035 246.35614828
0.15467859 0.59507565 0.78864409 5.63801308
-0.26857936 -0.74286100 0.61320687 248.10945708
0.00000000 0.00000000 0.00000000 1.00000000
119	119	120
0.95068360 -0.30690299 0.04484690 246.37852635
0.15490723 0.59508590 0.78859148 5.60507629
-0.26870884 -0.74275388 0.61327990 248.12346042
0.00000000 0.00000000 0.00000000 1.00000000
120	120	121
0.95062700 -0.30710642 0.04465362 246.41655840
0.15523440 0.59516190 0.78846978 5.56955498
-0.26872026 -0.74260889 0.61345046 248.09992649
0.00000000 0.00000000 0.00000000 1.00000000
121	121	122
0.95076452 -0.30668522 0.04462070 246.40297470
0.15505301 0.59538284 0.78833866 5.62049390
-0.26833821 -0.74260585 0.61362134 248.00979121
0.00000000 0.00000000 0.00000000 1.00000000
122	122	123
0.95060817 -0.30719764 0.04442646 246.45516527
0.15548899 0.59517208 0.78841193 5.53563759
-0.26863967 -0.74256300 0.61354130 248.07105242
0.00000000 0.00000000 0.00000000 1.00000000
123	123	124
0.95075291 -0.30672454 0.04459770 246.40929776
0.15512958 0.59546743 0.78825970 5.61771667
-0.26833508 -0.74252178 0.61372444 247.99549590
0.00000000 0.00000000 0.00000000 1.00000000
124	124	125
0.95085310 -0.30644541 0.04438018 246.43017749
0.15511520 0.59545784 0.78826978 5.61835219
-0.26798818 -0.74264472 0.61372727 247.94093263
0.00000000 0.00000000 0.00000000 1.00000000
125	125	126
0.95089225 -0.30631800 0.04442083 246.41898130
0.15506083 0.59564250 0.78814095 5.64809612
-0.26788069 -0.74254919 0.61388976 247.90036968
0.00000000 0.00000000 0.00000000 1.00000000
126	126	127
0.95085512 -0.30643852 0.04438433 246.42884763
0.15518744 0.59568065 0.78808719 5.63834377
-0.26793915 -0.74246885 0.61396141 247.89769319
0.00000000 0.00000000 0.00000000 1.00000000
127	127	128
0.95081308 -0.30666251 0.04373309 246.53556676
0.15581266 0.59549192 0.78810646 5.54876002
-0.26772540 -0.74252776 0.61398341 247.86511975
0.00000000 0.00000000 0.00000000 1.00000000
128	128	129
0.95078569 -0.30675536 0.04367748 246.54829543
0.15589836 0.59542528 0.78813986 5.53080394
-0.26777280 -0.74254285 0.61394449 247.87822824
0.00000000 0.00000000 0.00000000 1.00000000
129	129	130
0.95058697 -0.30724185 0.04457415 246.42487228
0.15547812 0.59539677 0.78824440 5.56573644
-0.26872097 -0.74236455 0.61374580 248.03440830
0.00000000 0.00000000 0.00000000 1.00000000
130	130	131
0.95067784 -0.30692827 0.04479600 246.38292029
0.15512186 0.59551460 0.78822558 5.61323401
-0.26860539 -0.74239975 0.61375382 248.01763848
0.00000000 0.00000000 0.00000000 1.00000000
131	131	132
0.95049211 -0.30747575 0.04498230 246.36847271
0.15534377 0.59551744 0.78817974 5.59348859
-0.26913390 -0.74217090 0.61379907 248.07544253
0.00000000 0.00000000 0.00000000 1.00000000
132	132	133
0.95040326 -0.30779293 0.04468958 246.42574488
0.15569940 0.59522888 0.78832752 5.52627075
-0.26924216 -0.74227090 0.61363064 248.11462586
0.00000000 0.00000000 0.00000000 1.00000000
133	133	134
0.95046378 -0.30764419 0.04442573 246.46506983
0.15585343 0.59533149 0.78821959 5.52682235
-0.26893922 -0.74225027 0.61378842 248.05525721
0.00000000 0.00000000 0.00000000 1.00000000
134	134	135
0.95044071 -0.30772222 0.04437905 246.47442892
0.15598356 0.59543608 0.78811484 5.53272570
-0.26894534 -0.74213402 0.61392630 248.03400476
0.00000000 0.00000000 0.00000000 1.00000000
135	135	136
0.95052855 -0.30732903 0.04521430 246.33053178
0.15515783 0.59581262 0.78799326 5.63615473
-0.26911246 -0.74199474 0.61402141 248.03506573
0.00000000 0.00000000 0.00000000 1.00000000
136	136	137
0.95041486 -0.30773909 0.04481335 246.40494323
0.15554792 0.59519607 0.78838219 5.52880353
-0.26928875 -0.74231953 0.61355137 248.12844522
0.00000000 0.00000000 0.00000000 1.00000000
137	137	138
0.95040913 -0.30771817 0.04507776 246.36089081
0.15542477 0.59550059 0.78817649 5.57534866
-0.26938006 -0.74208394 0.61379623 248.09698824
0.00000000 0.00000000 0.00000000 1.00000000
138	138	139
0.95051869 -0.30744014 0.04466298 246.42166455
0.15558833 0.59552900 0.78812276 5.57039911
-0.26889867 -0.74217637 0.61389554 248.04045496
0.00000000 0.00000000 0.00000000 1.00000000
139	139	140
0.95040396 -0.30787131 0.04413128 246.51681407
0.15630159 0.59546453 0.78803034 5.52929026
-0.26889054 -0.74204936 0.61405262 248.01449596
0.00000000 0.00000000 0.00000000 1.00000000
140	140	141
0.95039691 -0.30793033 0.04387058 246.55979743
0.15654105 0.59541704 0.78801868 5.51318434
-0.26877614 -0.74206298 0.61408625 248.00025781
0.00000000 0.00000000 0.00000000 1.00000000
141	141	142
0.95030596 -0.30816045 0.04422356 246.50894125
0.15636208 0.59529523 0.78814624 5.50569376
-0.26920158 -0.74206518 0.61389721 248.06193078
0.00000000 0.00000000 0.00000000 1.00000000
142	142	143
0.95038062 -0.30796634 0.04397061 246.54881307
0.15645617 0.59534349 0.78809111 5.50866045
-0.26888315 -0.74210704 0.61398615 248.02515448
0.00000000 0.00000000 0.00000000 1.00000000
143	143	144
0.95053506 -0.30746532 0.04413804 246.51079944
0.15597645 0.59535111 0.78818043 5.52177220
-0.26861578 -0.74230865 0.61385946 248.02913567
0.00000000 0.00000000 0.00000000 1.00000000
144	144	145
0.95054996 -0.30739415 0.04431254 246.48150494
0.15574203 0.59523804 0.78831218 5.51214520
-0.26869906 -0.74242879 0.61367769 248.06377917
0.00000000 0.00000000 0.00000000 1.00000000
145	145	146
0.95054042 -0.30741529 0.04437069 246.47057559
0.15576737 0.59540124 0.78818392 5.53274949
-0.26871815 -0.74228916 0.61383822 248.03829131
0.00000000 0.00000000 0.00000000 1.00000000
146	146	147
0.95048061 -0.30764665 0.04404707 246.52821487
0.15624865 0.59555116 0.78797536 5.54645758
-0.26865027 -0.74207301 0.61412921 247.98661053
0.00000000 0.00000000 0.00000000 1.00000000
147	147	148
0.95052608 -0.30753043 0.04387717 246.55532523
0.15627930 0.59546695 0.78803293 5.53463209
-0.26847151 -0.74218876 0.61406750 247.98913397
0.00000000 0.00000000 0.00000000 1.00000000
148	148	149
0.95048394 -0.30764653 0.04397597 246.53934848
0.15622579 0.59532539 0.78815048 5.51595289
-0.26865177 -0.74225420 0.61390955 248.02220398
0.00000000 0.00000000 0.00000000 1.00000000
149	149	150
0.95047458 -0.30764353 0.04419864 246.50239468
0.15605279 0.59536322 0.78815618 5.52025540
-0.26878540 -0.74222510 0.61388624 248.02987304
0.00000000 0.00000000 0.00000000 1.00000000
150	150	151
0.95040923 -0.30787187 0.04401371 246.53499508
0.15637196 0.59538860 0.78807374 5.52354823
-0.26883100 -0.74211005 0.61400535 248.01043198
0.00000000 0.00000000 0.00000000 1.00000000
151	151	152
0.95043082 -0.30781555 0.04394131 246.54703564
0.15650339 0.59569244 0.78781801 5.56651225
-0.26867814 -0.74188955 0.61433863 247.95258286
0.00000000 0.00000000 0.00000000 1.00000000
152	152	153
0.95056796 -0.30734742 0.04425067 246.49324090
0.15601239 0.59593195 0.78773425 5.59119280
-0.26847848 -0.74189128 0.61442382 247.93525591
0.00000000 0.00000000 0.00000000 1.00000000
153	153	154
0.95055088 -0.30740674 0.04420538 246.50050789
0.15607310 0.59588351 0.78775887 5.58539842
-0.26850364 -0.74190561 0.61439552 247.94076849
0.00000000 0.00000000 0.00000000 1.00000000
154	154	155
0.95057493 -0.30729578 0.04445913 246.45693484
0.15587554 0.59612903 0.78761221 5.61545031
-0.26853329 -0.74175433 0.61456521 247.91305743
0.00000000 0.00000000 0.00000000 1.00000000
155	155	156
0.95059270 -0.30722291 0.04458257 246.43555537
0.15574756 0.59619621 0.78758668 5.62228011
-0.26854463 -0.74173052 0.61458898 247.90997898
0.00000000 0.00000000 0.00000000 1.00000000
156	156	157
0.95056690 -0.30729154 0.04465954 246.42259095
0.15574485 0.59623471 0.78755807 5.62753034
-0.26863750 -0.74167114 0.61462005 247.90516405
0.00000000 0.00000000 0.00000000 1.00000000
157	157	158
0.95045431 -0.30761311 0.04484176 246.39104650
0.15587064 0.59638897 0.78741637 5.65223948
-0.26896273 -0.74141377 0.61478832 247.87888190
0.00000000 0.00000000 0.00000000 1.00000000
158	158	159
0.95041006 -0.30775887 0.04477940 246.40110377
0.15602039 0.59638329 0.78739101 5.65521742
-0.26903226 -0.74135784 0.61482534 247.87230280
0.00000000 0.00000000 0.00000000 1.00000000
159	159	160
0.95034039 -0.30796251 0.04485793 246.38601492
0.15606533 0.59630088 0.78744452 5.64569057
-0.26925222 -0.74133957 0.61475108 247.88559440
0.00000000 0.00000000 0.00000000 1.00000000
160	160	161
0.95030169 -0.30807023 0.04493809 246.37299904
0.15614739 0.59650580 0.78727303 5.67596944
-0.26934122 -0.74112992 0.61496483 247.84829028
0.00000000 0.00000000 0.00000000 1.00000000
161	161	162
0.95029348 -0.30808600 0.04500347 246.36051289
0.15607803 0.59643414 0.78734107 5.66352954
-0.26941036 -0.74118104 0.61487293 247.86414678
0.00000000 0.00000000 0.00000000 1.00000000
162	162	163
0.95029245 -0.30808222 0.04505116 246.35254297
0.15604325 0.59645431 0.78733269 5.66469320
-0.26943416 -0.74116638 0.61488018 247.86249719
0.00000000 0.00000000 0.00000000 1.00000000
163	163	164
0.95026826 -0.30815759 0.04504594 246.35370814
0.15613477 0.59655165 0.78724079 5.68185258
-0.26946646 -0.74105670 0.61499821 247.84158529
0.00000000 0.00000000 0.00000000 1.00000000
164	164	165
0.95029262 -0.30806832 0.04514255 246.33630326
0.15602267 0.59663223 0.78720195 5.69012733
-0.26944548 -0.74102894 0.61504084 247.83381418
0.00000000 0.00000000 0.00000000 1.00000000
165	165	166
0.95038590 -0.30777738 0.04516323 246.33434301
0.15587142 0.59681359 0.78709443 5.70947756
-0.26920389 -0.74100379 0.61517692 247.80895135
0.00000000 0.00000000 0.00000000 1.00000000
166	166	167
0.95030361 -0.30803840 0.04511537 246.34199363
0.15605832 0.59672497 0.78712459 5.70402944
-0.26938607 -0.74096671 0.61514184 247.81450433
0.00000000 0.00000000 0.00000000 1.00000000
167	167	168
0.95016650 -0.30843751 0.04527606 246.30717426
0.15608524 0.59641063 0.78735746 5.65706552
-0.26985370 -0.74105375 0.61483194 247.87132291
0.00000000 0.00000000 0.00000000 1.00000000
168	168	169
0.95015035 -0.30850257 0.04517168 246.32740464
0.15627590 0.59657385 0.78719596 5.69047539
-0.26980022 -0.74089527 0.61504637 247.83122202
0.00000000 0.00000000 0.00000000 1.00000000
169	169	170
0.95014928 -0.30857482 0.04469819 246.42024949
0.15666481 0.59642805 0.78722914 5.68420558
-0.26957835 -0.74098256 0.61503850 247.83206490
0.00000000 0.00000000 0.00000000 1.00000000
170	170	171
0.95016332 -0.30850886 0.04485483 246.39056114
0.15632646 0.59597947 0.78763603 5.59875948
-0.26972525 -0.74137087 0.61450592 247.93718754
0.00000000 0.00000000 0.00000000 1.00000000
171	171	172
0.95021218 -0.30835335 0.04488905 246.38424526
0.15616239 0.59590011 0.78772861 5.57789141
-0.26964814 -0.74149934 0.61438474 247.96242316
0.00000000 0.00000000 0.00000000 1.00000000
172	172	173
0.95035295 -0.30788709 0.04510886 246.33979021
0.15573192 0.59609812 0.78766401 5.58995390
-0.26940088 -0.74153393 0.61445146 247.94945273
0.00000000 0.00000000 0.00000000 1.00000000
173	173	174
0.95044551 -0.30758800 0.04519916 246.32046379
0.15545246 0.59610019 0.78771765 5.57342225
-0.26923572 -0.74165638 0.61437606 247.96400814
0.00000000 0.00000000 0.00000000 1.00000000
174	174	175
0.95041365 -0.30768368 0.04521786 246.31584939
0.15551383 0.59613097 0.78768224 5.58138548
-0.26931274 -0.74159195 0.61442008 247.95352724
0.00000000 0.00000000 0.00000000 1.00000000
175	175	176
0.95050188 -0.30737710 0.04544777 246.26812468
0.15512965 0.59617740 0.78772286 5.57078231
-0.26922290 -0.74168176 0.61435104 247.96867778
0.00000000 0.00000000 0.00000000 1.00000000
176	176	177
0.95045869 -0.30753321 0.04529464 246.30117643
0.15533084 0.59608677 0.78775179 5.56488236
-0.26925937 -0.74168988 0.61432525 247.97310734
0.00000000 0.00000000 0.00000000 1.00000000
177	177	178
0.95043664 -0.30758015 0.04543842 246.26848724
0.15528197 0.59619160 0.78768210 5.57960825
-0.26936538 -0.74158616 0.61440399 247.95426213
0.00000000 0.00000000 0.00000000 1.00000000
178	178	179
0.95044964 -0.30752847 0.04551618 246.25178361
0.15523982 0.59635067 0.78756998 5.60575946
-0.26934379 -0.74147968 0.61454194 247.92288229
0.00000000 0.00000000 0.00000000 1.00000000
179	179	180
0.95047122 -0.30750609 0.04521564 246.31998566
0.15552367 0.59648895 0.78740924 5.64181322
-0.26910377 -0.74137773 0.61477006 247.87213486
0.00000000 0.00000000 0.00000000 1.00000000
180	180	181
0.95036066 -0.30786649 0.04508695 246.34656291
0.15583664 0.59637537 0.78743340 5.63633467
-0.26931310 -0.74131953 0.61474857 247.87751644
0.00000000 0.00000000 0.00000000 1.00000000
181	181	182
0.95034104 -0.30794288 0.04497883 246.37218240
0.15585226 0.59602722 0.78769386 5.57225415
-0.26937333 -0.74156775 0.61442272 247.95135735
0.00000000 0.00000000 0.00000000 1.00000000
182	182	183
0.95031507 -0.30794626 0.04550128 246.25190122
0.15546015 0.59613343 0.78769097 5.57374177
-0.26969132 -0.74148097 0.61438796 247.95963093
0.00000000 0.00000000 0.00000000 1.00000000
183	183	184
0.95026499 -0.30810381 0.04548058 246.25582824
0.15560436 0.59618523 0.78762330 5.59016047
-0.26978459 -0.74137387 0.61447625 247.93947872
0.00000000 0.00000000 0.00000000 1.00000000
184	184	185
0.95009082 -0.30866801 0.04529342 246.29731203
0.15602653 0.59585409 0.78779034 5.54878457
-0.27015395 -0.74140540 0.61427590 247.98831617
0.00000000 0.00000000 0.00000000 1.00000000
185	185	186
0.95014996 -0.30843074 0.04566766 246.21198594
0.15554610 0.59583452 0.78790015 5.52458515
-0.27022300 -0.74151986 0.61410734 248.02738609
0.00000000 0.00000000 0.00000000 1.00000000
186	186	187
0.94997501 -0.30899400 0.04549942 246.25040008
0.15596081 0.59552831 0.78804965 5.48344866
-0.27059881 -0.74153134 0.61392797 248.07456800
0.00000000 0.00000000 0.00000000 1.00000000
187	187	188
0.95021331 -0.30820801 0.04585286 246.17001565
0.15521958 0.59577958 0.78800607 5.50543621
-0.27018798 -0.74165660 0.61395761 248.06196455
0.00000000 0.00000000 0.00000000 1.00000000
188	188	189
0.95040099 -0.30761104 0.04597167 246.14435812
0.15471224 0.59578202 0.78810400 5.49231653
-0.26981859 -0.74190244 0.61382302 248.08651512
0.00000000 0.00000000 0.00000000 1.00000000
189	189	190
0.95039272 -0.30765958 0.04581775 246.17921206
0.15499114 0.59610641 0.78780384 5.55640727
-0.26968765 -0.74162169 0.61421970 247.99312929
0.00000000 0.00000000 0.00000000 1.00000000
190	190	191
0.95022652 -0.30827856 0.04509859 246.34690114
0.15585530 0.59567463 0.78795993 5.49603394
-0.26977524 -0.74171157 0.61407268 248.02781382
0.00000000 0.00000000 0.00000000 1.00000000
191	191	192
0.94995425 -0.30911077 0.04513814 246.33792834
0.15642935 0.59577131 0.78777306 5.52208794
-0.27040115 -0.74128744 0.61430949 247.99503270
0.00000000 0.00000000 0.00000000 1.00000000
192	192	193
0.95006388 -0.30881722 0.04483918 246.40566650
0.15666297 0.59628597 0.78733713 5.61935900
-0.26988024 -0.74099592 0.61488999 247.84332479
0.00000000 0.00000000 0.00000000 1.00000000
193	193	194
0.95023762 -0.30836487 0.04426710 246.53563587
0.15687129 0.59641072 0.78720115 5.64349536
-0.26914655 -0.74108391 0.61510550 247.76436459
0.00000000 0.00000000 0.00000000 1.00000000
194	194	195
0.95039729 -0.30782380 0.04460389 246.45482438
0.15604316 0.59592230 0.78773545 5.55131673
-0.26906417 -0.74170150 0.61439674 247.92042194
0.00000000 0.00000000 0.00000000 1.00000000
195	195	196
0.95032706 -0.30801365 0.04478923 246.41381729
0.15602012 0.59592292 0.78773955 5.55123650
-0.26932546 -0.74162219 0.61437800 247.93785293
0.00000000 0.00000000 0.00000000 1.00000000
196	196	197
0.95039074 -0.30778723 0.04499399 246.36438016
0.15560076 0.59566351 0.78801865 5.50515580
-0.26934336 -0.74192453 0.61400501 248.02576913
0.00000000 0.00000000 0.00000000 1.00000000
197	197	198
0.95039135 -0.30780711 0.04484490 246.39883477
0.15568392 0.59551446 0.78811487 5.47587708
-0.26929315 -0.74203592 0.61389241 248.04767787
0.00000000 0.00000000 0.00000000 1.00000000
198	198	199
0.95043255 -0.30778154 0.04414178 246.55789040
0.15615429 0.59525195 0.78822012 5.42140286
-0.26887508 -0.74225713 0.61380823 248.04106191
0.00000000 0.00000000 0.00000000 1.00000000
199	199	200
0.95013731 -0.30857568 0.04494600 246.38273011
0.15585690 0.59477067 0.78864217 5.33478221
-0.27008836 -0.74231320 0.61320746 248.25211478
0.00000000 0.00000000 0.00000000 1.00000000
200	200	201
0.95002411 -0.30893482 0.04487163 246.40315372
0.15610695 0.59461150 0.78871274 5.30028196
-0.27034201 -0.74229135 0.61312214 248.28890879
0.00000000 0.00000000 0.00000000 1.00000000
201	201	202
0.94998912 -0.30908185 0.04459907 246.46972533
0.15647449 0.59472251 0.78855619 5.31372567
-0.27025248 -0.74214119 0.61334334 248.23188282
0.00000000 0.00000000 0.00000000 1.00000000
202	202	203
0.95007513 -0.30889248 0.04407580 246.58719736
0.15669846 0.59450120 0.78867859 5.26771089
-0.26982000 -0.74239730 0.61322379 248.22829467
0.00000000 0.00000000 0.00000000 1.00000000
203	203	204
0.95011948 -0.30871855 0.04433775 246.52697935
0.15624905 0.59419109 0.78900138 5.22468287
-0.26992446 -0.74271785 0.61278951 248.33415653
0.00000000 0.00000000 0.00000000 1.00000000
204	204	205
0.95053714 -0.30737518 0.04471736 246.41605618
0.15531665 0.59502650 0.78855577 5.40838280
-0.26899048 -0.74260620 0.61333527 248.13470709
0.00000000 0.00000000 0.00000000 1.00000000
205	205	206
0.95038518 -0.30785517 0.04464523 246.44167109
0.15576170 0.59518157 0.78835093 5.42019834
-0.26926993 -0.74228303 0.61360379 248.09814964
0.00000000 0.00000000 0.00000000 1.00000000
206	206	207
0.95040642 -0.30779048 0.04463922 246.44166082
0.15564152 0.59495872 0.78854286 5.38240483
-0.26926448 -0.74248848 0.61335756 248.15184851
0.00000000 0.00000000 0.00000000 1.00000000
207	207	208
0.95064286 -0.30694482 0.04542067 246.24522905
0.15449255 0.59517602 0.78860482 5.47138883
-0.26909146 -0.74266438 0.61322052 248.16843481
0.00000000 0.00000000 0.00000000 1.00000000
208	208	209
0.95054230 -0.30727429 0.04529729 246.28082593
0.15478068 0.59506589 0.78863143 5.43693186
-0.26928103 -0.74261639 0.61319542 248.19267872
0.00000000 0.00000000 0.00000000 1.00000000
209	209	210
0.95032886 -0.30795900 0.04512550 246.33442711
0.15530568 0.59482701 0.78870842 5.36735826
-0.26973172 -0.74252413 0.61310906 248.25721073
0.00000000 0.00000000 0.00000000 1.00000000
210	210	211
0.95031521 -0.30798035 0.04526706 246.30084753
0.15520626 0.59483648 0.78872085 5.37406083
-0.26983702 -0.74250769 0.61308263 248.27538777
0.00000000 0.00000000 0.00000000 1.00000000
211	211	212
0.95035881 -0.30791968 0.04476153 246.41249815
0.15559245 0.59485915 0.78862766 5.35177058
-0.26946078 -0.74251469 0.61323962 248.19839613
0.00000000 0.00000000 0.00000000 1.00000000
212	212	213
0.95042779 -0.30772764 0.04461752 246.44000671
0.15566842 0.59510207 0.78842937 5.39256830
-0.26917349 -0.74239964 0.61350502 248.10764744
0.00000000 0.00000000 0.00000000 1.00000000
213	213	214
0.95058557 -0.30728420 0.04431123 246.49621941
0.15561576 0.59509436 0.78844558 5.39329314
-0.26864624 -0.74258947 0.61350638 248.04389281
0.00000000 0.00000000 0.00000000 1.00000000
214	214	215
0.95085425 -0.30647599 0.04414362 246.51090801
0.15521151 0.59512307 0.78850360 5.43231453
-0.26792831 -0.74290040 0.61344390 247.96524727
0.00000000 0.00000000 0.00000000 1.00000000
215	215	216
0.95084818 -0.30656294 0.04366799 246.61591363
0.15568092 0.59516598 0.78837865 5.40108524
-0.26767738 -0.74283014 0.61363850 247.89062815
0.00000000 0.00000000 0.00000000 1.00000000
216	216	217
0.95070851 -0.30708990 0.04300140 246.78034874
0.15656369 0.59508009 0.78826867 5.31035087
-0.26765862 -0.74268128 0.61382683 247.84710404
0.00000000 0.00000000 0.00000000 1.00000000
217	217	218
0.95050412 -0.30769578 0.04318829 246.75886070
0.15679560 0.59500140 0.78828198 5.27604913
-0.26824813 -0.74249353 0.61379662 247.93595503
0.00000000 0.00000000 0.00000000 1.00000000
218	218	219
0.95029232 -0.30841460 0.04271942 246.88749455
0.15755964 0.59467569 0.78837541 5.14350162
-0.26855069 -0.74245624 0.61370943 248.00175268
0.00000000 0.00000000 0.00000000 1.00000000
219	219	220
0.95011773 -0.30891942 0.04295445 246.85514944
0.15773356 0.59473813 0.78829352 5.13629263
-0.26906583 -0.74219630 0.61379821 248.05903506
0.00000000 0.00000000 0.00000000 1.00000000
220	220	221
0.95019891 -0.30872752 0.04253642 246.94046002
0.15795443 0.59475398 0.78823734 5.11572451
-0.26864926 -0.74226344 0.61389947 247.97343760
0.00000000 0.00000000 0.00000000 1.00000000
221	221	222
0.95023895 -0.30861442 0.04246272 246.95119172
0.15797050 0.59484391 0.78816625 5.12915028
-0.26849816 -0.74223841 0.61399583 247.93104597
0.00000000 0.00000000 0.00000000 1.00000000
222	222	223
0.95032913 -0.30837435 0.04218782 246.99808332
0.15780907 0.59422169 0.78866779 5.03844574
-0.26827383 -0.74283635 0.61337045 248.03041423
0.00000000 0.00000000 0.00000000 1.00000000
223	223	224
0.95006267 -0.30914238 0.04256668 246.95295984
0.15800769 0.59418468 0.78865591 5.00779250
-0.26909943 -0.74254667 0.61335955 248.17123130
0.00000000 0.00000000 0.00000000 1.00000000
224	224	225
0.94975992 -0.30997138 0.04328775 246.83302246
0.15796309 0.59414466 0.78869499 5.00686808
-0.27019206 -0.74223302 0.61325883 248.38200883
0.00000000 0.00000000 0.00000000 1.00000000
225	225	226
0.94990039 -0.30958212 0.04299022 246.87940006
0.15802232 0.59436267 0.78851884 5.03766347
-0.26966312 -0.74222094 0.61350622 248.23392476
0.00000000 0.00000000 0.00000000 1.00000000
226	226	227
0.95000447 -0.30926214 0.04299355 246.86356392
0.15760241 0.59381813 0.78901300 4.99601976
-0.26954220 -0.74278998 0.61287034 248.34623343
0.00000000 0.00000000 0.00000000 1.00000000
227	227	228
0.95006842 -0.30893487 0.04392324 246.64931840
0.15669810 0.59407166 0.78900226 5.16340371
-0.26984386 -0.74272344 0.61281823 248.41416483
0.00000000 0.00000000 0.00000000 1.00000000
228	228	229
0.95016764 -0.30858413 0.04424122 246.56266941
0.15627090 0.59428412 0.78892699 5.26230594
-0.26974220 -0.74269928 0.61289226 248.38172194
0.00000000 0.00000000 0.00000000 1.00000000
229	229	230
0.95014785 -0.30866061 0.04413258 246.58899398
0.15653060 0.59460649 0.78863255 5.28224022
-0.26966132 -0.74240942 0.61327891 248.28503132
0.00000000 0.00000000 0.00000000 1.00000000
230	230	231
0.95005094 -0.30888863 0.04462089 246.49825842
0.15639677 0.59492292 0.78842043 5.35906743
-0.27008009 -0.74206101 0.61351627 248.31804750
0.00000000 0.00000000 0.00000000 1.00000000
231	231	232
0.95020659 -0.30840264 0.04466825 246.46179695
0.15615910 0.59529433 0.78818716 5.46171480
-0.26966975 -0.74196527 0.61381248 248.17639195
0.00000000 0.00000000 0.00000000 1.00000000
232	232	233
0.95011782 -0.30873793 0.04423812 246.57110471
0.15674714 0.59529744 0.78806808 5.36796336
-0.26964135 -0.74182333 0.61399650 248.13169796
0.00000000 0.00000000 0.00000000 1.00000000
233	233	234
0.95004413 -0.30894790 0.04435467 246.55919744
0.15678120 0.59526055 0.78808916 5.35437007
-0.26988108 -0.74176551 0.61396102 248.18909047
0.00000000 0.00000000 0.00000000 1.00000000
234	234	235
0.95001528 -0.30903539 0.04436327 246.56276107
0.15683326 0.59525813 0.78808063 5.34598016
-0.26995240 -0.74173101 0.61397135 248.20260657
0.00000000 0.00000000 0.00000000 1.00000000
235	235	236
0.95008436 -0.30880566 0.04448334 246.52504714
0.15660941 0.59535017 0.78805563 5.39993845
-0.26983920 -0.74175282 0.61399476 248.17415525
0.00000000 0.00000000 0.00000000 1.00000000
236	236	237
0.95009370 -0.30874527 0.04470250 246.47587238
0.15648060 0.59560967 0.78788511 5.46745257
-0.26988104 -0.74156961 0.61419764 248.14284182
0.00000000 0.00000000 0.00000000 1.00000000
237	237	238
0.94991594 -0.30929885 0.04465349 246.51546051
0.15684994 0.59546803 0.78791872 5.38049402
-0.27029208 -0.74145266 0.61415808 248.24131116
0.00000000 0.00000000 0.00000000 1.00000000
238	238	239
0.94979302 -0.30965633 0.04479045 246.50430795
0.15688615 0.59520556 0.78810981 5.33172446
-0.27070272 -0.74151420 0.61390287 248.38706570
0.00000000 0.00000000 0.00000000 1.00000000
239	239	240
0.94980189 -0.30968636 0.04439280 246.58455472
0.15706862 0.59474466 0.78842136 5.22255485
-0.27056572 -0.74187138 0.61353162 248.43730934
0.00000000 0.00000000 0.00000000 1.00000000
240	240	241
0.95005462 -0.30894719 0.04413442 246.59053871
0.15679505 0.59479753 0.78843593 5.27834746
-0.26983611 -0.74213714 0.61353153 248.27858627
0.00000000 0.00000000 0.00000000 1.00000000
241	241	242
0.95010061 -0.30879779 0.04419005 246.57125015
0.15665480 0.59482063 0.78844638 5.30870200
-0.26975565 -0.74218080 0.61351410 248.26530209
0.00000000 0.00000000 0.00000000 1.00000000
242	242	243
0.95016190 -0.30868072 0.04368738 246.66398359
0.15675967 0.59418147 0.78890734 5.18318892
-0.26947872 -0.74274127 0.61295728 248.31755571
0.00000000 0.00000000 0.00000000 1.00000000
243	243	244
0.95017046 -0.30870238 0.04334671 246.73168341
0.15704074 0.59413564 0.78888596 5.12743337
-0.26928480 -0.74276893 0.61300898 248.26532084
0.00000000 0.00000000 0.00000000 1.00000000
244	244	245
0.95024610 -0.30855888 0.04270550 246.85243042
0.15733813 0.59375805 0.78911095 5.01214041
-0.26884393 -0.74313040 0.61276435 248.21434549
0.00000000 0.00000000 0.00000000 1.00000000
245	245	246
0.95032499 -0.30816220 0.04380034 246.61585369
0.15618286 0.59382858 0.78928735 5.23267205
-0.26923842 -0.74323864 0.61245980 248.36320118
0.00000000 0.00000000 0.00000000 1.00000000
246	246	247
0.95039136 -0.30798308 0.04361975 246.63892555
0.15622025 0.59385622 0.78925916 5.23417552
-0.26898233 -0.74329080 0.61250901 248.29682409
0.00000000 0.00000000 0.00000000 1.00000000
247	247	248
0.95034233 -0.30804965 0.04421396 246.53167527
0.15581709 0.59397979 0.78924587 5.32807055
-0.26938911 -0.74316447 0.61248354 248.39423224
0.00000000 0.00000000 0.00000000 1.00000000
248	248	249
0.95031590 -0.30813752 0.04416969 246.54608004
0.15594434 0.59406346 0.78915776 5.31752478
-0.26940872 -0.74306115 0.61260026 248.37711521
0.00000000 0.00000000 0.00000000 1.00000000
249	249	250
0.95031819 -0.30809402 0.04442309 246.49648790
0.15558773 0.59374253 0.78946961 5.33349742
-0.26960674 -0.74333564 0.61217998 248.49807621
0.00000000 0.00000000 0.00000000 1.00000000
250	250	251
0.95044359 -0.30765763 0.04476341 246.41144781
0.15500907 0.59374957 0.78957813 5.44123485
-0.26949800 -0.74351074 0.61201520 248.50196673
0.00000000 0.00000000 0.00000000 1.00000000
251	251	252
0.95070145 -0.30693216 0.04426524 246.45579163
0.15492901 0.59375531 0.78958953 5.45709907
-0.26863314 -0.74380594 0.61203673 248.30437977
0.00000000 0.00000000 0.00000000 1.00000000
252	252	253
0.95054458 -0.30741987 0.04424969 246.48796726
0.15532454 0.59389141 0.78940945 5.40631286
-0.26895965 -0.74349581 0.61227011 248.33843866
0.00000000 0.00000000 0.00000000 1.00000000
253	253	254
0.95069820 -0.30690435 0.04452705 246.41338279
0.15482271 0.59411550 0.78933941 5.52936845
-0.26870591 -0.74352975 0.61234030 248.27029324
0.00000000 0.00000000 0.00000000 1.00000000
254	254	255
0.95064330 -0.30711519 0.04424455 246.47182994
0.15511983 0.59388962 0.78945105 5.44491643
-0.26872879 -0.74362314 0.61221685 248.29691535
0.00000000 0.00000000 0.00000000 1.00000000
255	255	256
0.95060074 -0.30720587 0.04452840 246.43218700
0.15498485 0.59399677 0.78939694 5.48423301
-0.26895710 -0.74350009 0.61226603 248.34072160
0.00000000 0.00000000 0.00000000 1.00000000
256	256	257
0.95067033 -0.30696969 0.04467148 246.39625939
0.15478008 0.59420566 0.78927990 5.54753939
-0.26882905 -0.74343073 0.61240648 248.29083372
0.00000000 0.00000000 0.00000000 1.00000000
257	257	258
0.95064971 -0.30704462 0.04459514 246.41363078
0.15490420 0.59423189 0.78923580 5.52944572
-0.26883046 -0.74337881 0.61246887 248.28218740
0.00000000 0.00000000 0.00000000 1.00000000
258	258	259
0.95066126 -0.30700437 0.04462609 246.40562836
0.15489588 0.59435608 0.78914391 5.54661891
-0.26879442 -0.74329615 0.61258501 248.25629405
0.00000000 0.00000000 0.00000000 1.00000000
259	259	260
0.95063788 -0.30705779 0.04475647 246.38928369
0.15482858 0.59436822 0.78914798 5.55996628
-0.26891586 -0.74326437 0.61257026 248.28486399
0.00000000 0.00000000 0.00000000 1.00000000
260	260	261
0.95067035 -0.30701367 0.04436768 246.44464080
0.15514823 0.59444321 0.78902870 5.51325879
-0.26861667 -0.74322263 0.61275217 248.19451037
0.00000000 0.00000000 0.00000000 1.00000000
261	261	262
0.95058603 -0.30725110 0.04453057 246.43485244
0.15524231 0.59462783 0.78887107 5.52049770
-0.26886062 -0.74297679 0.61294328 248.21878402
0.00000000 0.00000000 0.00000000 1.00000000
262	262	263
0.95055298 -0.30738206 0.04433179 246.47093093
0.15549352 0.59461838 0.78882872 5.47511545
-0.26883229 -0.74293018 0.61301219 248.20322053
0.00000000 0.00000000 0.00000000 1.00000000
263	263	264
0.95066523 -0.30703289 0.04434438 246.45012207
0.15530499 0.59478706 0.78873869 5.52894336
-0.26854418 -0.74293954 0.61312711 248.12704588
0.00000000 0.00000000 0.00000000 1.00000000
264	264	265
0.95070623 -0.30690570 0.04434593 246.44363382
0.15535064 0.59515794 0.78844988 5.56829250
-0.26837260 -0.74269504 0.61349836 248.03857777
0.00000000 0.00000000 0.00000000 1.00000000
265	265	266
0.95069898 -0.30686387 0.04478852 246.37534881
0.15511212 0.59559255 0.78816861 5.66213494
-0.26853618 -0.74236385 0.61382753 248.02340256
0.00000000 0.00000000 0.00000000 1.00000000
266	266	267
0.95060201 -0.30711650 0.04511391 246.34280264
0.15498077 0.59549658 0.78826695 5.66864496
-0.26895497 -0.74233636 0.61367740 248.12637816
0.00000000 0.00000000 0.00000000 1.00000000
267	267	268
0.95060070 -0.30715110 0.04490565 246.37589681
0.15504396 0.59512873 0.78853228 5.61075780
-0.26892320 -0.74261699 0.61335171 248.16787459
0.00000000 0.00000000 0.00000000 1.00000000
268	268	269
0.95046161 -0.30756340 0.04502767 246.37829806
0.15513925 0.59489160 0.78869246 5.56598679
-0.26935952 -0.74263635 0.61313678 248.28263241
0.00000000 0.00000000 0.00000000 1.00000000
269	269	270
0.95030935 -0.30806810 0.04479048 246.43844180
0.15561081 0.59469572 0.78874729 5.47103239
-0.26962458 -0.74258404 0.61308363 248.33878429
0.00000000 0.00000000 0.00000000 1.00000000
270	270	271
0.95041837 -0.30776920 0.04453131 246.46327692
0.15556671 0.59454564 0.78886912 5.45796401
-0.26926551 -0.74282811 0.61294574 248.29543069
0.00000000 0.00000000 0.00000000 1.00000000
271	271	272
0.95042443 -0.30777134 0.04438695 246.48411216
0.15582444 0.59492215 0.78853432 5.47164389
-0.26909504 -0.74252571 0.61338685 248.19759334
0.00000000 0.00000000 0.00000000 1.00000000
272	272	273
0.95072662 -0.30692784 0.04375159 246.54068435
0.15576309 0.59489305 0.78856840 5.47331960
-0.26806111 -0.74289808 0.61338869 248.02232357
0.00000000 0.00000000 0.00000000 1.00000000
273	273	274
0.95081573 -0.30665485 0.04372938 246.53429493
0.15569032 0.59515862 0.78838236 5.51484303
-0.26778719 -0.74279810 0.61362937 247.94000754
0.00000000 0.00000000 0.00000000 1.00000000
274	274	275
0.95076452 -0.30686127 0.04339330 246.59362289
0.15609560 0.59511758 0.78833320 5.45870208
-0.26773305 -0.74274573 0.61371638 247.91766465
0.00000000 0.00000000 0.00000000 1.00000000
275	275	276
0.95089082 -0.30642847 0.04368335 246.53235265
0.15548876 0.59492354 0.78859953 5.50635513
-0.26763760 -0.74307979 0.61335352 247.95828052
0.00000000 0.00000000 0.00000000 1.00000000
276	276	277
0.95079502 -0.30672572 0.04368247 246.54473935
0.15574533 0.59506868 0.78843938 5.49555919
-0.26782871 -0.74284090 0.61355943 247.95508873
0.00000000 0.00000000 0.00000000 1.00000000
277	277	278
0.95081733 -0.30662348 0.04391417 246.50518845
0.15547093 0.59503473 0.78851916 5.52065557
-0.26790894 -0.74291030 0.61344037 247.98402803
0.00000000 0.00000000 0.00000000 1.00000000
278	278	279
0.95090951 -0.30638167 0.04360466 246.54337152
0.15556544 0.59504423 0.78849334 5.51004589
-0.26752661 -0.74300244 0.61349563 247.92100377
0.00000000 0.00000000 0.00000000 1.00000000
279	279	280
0.95091968 -0.30634683 0.04362786 246.53523767
0.15565206 0.59540447 0.78820426 5.54651526
-0.26744009 -0.74272818 0.61386534 247.85301552
0.00000000 0.00000000 0.00000000 1.00000000
280	280	281
0.95095243 -0.30620704 0.04389448 246.48592986
0.15549340 0.59584343 0.78790381 5.61687329
-0.26741593 -0.74243374 0.61423193 247.79401532
0.00000000 0.00000000 0.00000000 1.00000000
281	281	282
0.95097992 -0.30613160 0.04382496 246.49493137
0.15546717 0.59575423 0.78797643 5.60665195
-0.26733339 -0.74253642 0.61414373 247.79681267
0.00000000 0.00000000 0.00000000 1.00000000
282	282	283
0.95098697 -0.30607503 0.04406662 246.45427831
0.15527896 0.59589528 0.78790689 5.64034870
-0.26741772 -0.74244656 0.61421565 247.79487651
0.00000000 0.00000000 0.00000000 1.00000000
283	283	284
0.95097106 -0.30622756 0.04334431 246.57458924
0.15600500 0.59595942 0.78771493 5.59051480
-0.26705147 -0.74233217 0.61451319 247.70512446
0.00000000 0.00000000 0.00000000 1.00000000
284	284	285
0.95087070 -0.30653974 0.04333927 246.58271661
0.15626688 0.59608052 0.78757138 5.58566716
-0.26725562 -0.74210606 0.61469751 247.69804460
0.00000000 0.00000000 0.00000000 1.00000000
285	285	286
0.95051616 -0.30741762 0.04487128 246.38912492
0.15535800 0.59541269 0.78825607 5.57131162
-0.26904073 -0.74227902 0.61370917 248.07894257
0.00000000 0.00000000 0.00000000 1.00000000
286	286	287
0.95035889 -0.30789723 0.04491402 246.39304869
0.15564313 0.59538969 0.78821718 5.54910236
-0.26943123 -0.74209865 0.61375598 248.11015958
0.00000000 0.00000000 0.00000000 1.00000000
287	287	288
0.95047154 -0.30757131 0.04476309 246.40936810
0.15562360 0.59560712 0.78805676 5.57888056
-0.26904487 -0.74205933 0.61397297 248.04029101
0.00000000 0.00000000 0.00000000 1.00000000
288	288	289
0.95046640 -0.30760828 0.04461807 246.43299929
0.15572410 0.59548269 0.78813094 5.55790253
-0.26900489 -0.74214386 0.61388831 248.05040499
0.00000000 0.00000000 0.00000000 1.00000000
289	289	290
0.95044702 -0.30770491 0.04436374 246.47458756
0.15604817 0.59561213 0.78796901 5.56044689
-0.26888552 -0.74199992 0.61411456 248.00512076
0.00000000 0.00000000 0.00000000 1.00000000
290	290	291
0.95047226 -0.30766989 0.04406492 246.52267424
0.15624581 0.59554016 0.78798424 5.54165768
-0.26868146 -0.74207220 0.61411654 247.98766727
0.00000000 0.00000000 0.00000000 1.00000000
291	291	292
0.95045869 -0.30772801 0.04395173 246.54476060
0.15629809 0.59531521 0.78814384 5.51042207
-0.26869906 -0.74222858 0.61391982 248.02153036
0.00000000 0.00000000 0.00000000 1.00000000
292	292	293
0.95042937 -0.30777543 0.04425274 246.49619540
0.15611175 0.59540006 0.78811667 5.52637221
-0.26891103 -0.74214086 0.61393306 248.03389542
0.00000000 0.00000000 0.00000000 1.00000000
293	293	294
0.95049690 -0.30756220 0.04428480 246.48666434
0.15591344 0.59532974 0.78820905 5.52156009
-0.26878736 -0.74228566 0.61381215 248.04598565
0.00000000 0.00000000 0.00000000 1.00000000
294	294	295
0.95046194 -0.30767260 0.04426826 246.49126708
0.15602378 0.59538748 0.78814359 5.52672725
-0.26884695 -0.74219359 0.61389738 248.03453364
0.00000000 0.00000000 0.00000000 1.00000000
295	295	296
0.95041380 -0.30784773 0.04408386 246.52320525
0.15634191 0.59551194 0.78798651 5.54038931
-0.26883232 -0.74202109 0.61411227 247.99934280
0.00000000 0.00000000 0.00000000 1.00000000
296	296	297
0.95053360 -0.30749012 0.04399651 246.53538921
0.15625318 0.59574464 0.78782820 5.57199014
-0.26846007 -0.74198258 0.61432161 247.94674651
0.00000000 0.00000000 0.00000000 1.00000000
297	297	298
0.95050368 -0.30760837 0.04381603 246.56571558
0.15650631 0.59580652 0.78773115 5.57980240
-0.26841857 -0.74188388 0.61445894 247.92315936
0.00000000 0.00000000 0.00000000 1.00000000
298	298	299
0.95044906 -0.30775393 0.04397845 246.53934929
0.15644678 0.59573791 0.78779486 5.56866525
-0.26864660 -0.74187860 0.61436565 247.94612905
0.00000000 0.00000000 0.00000000 1.00000000
299	299	300
0.95037734 -0.30791187 0.04442070 246.46489307
0.15618990 0.59574150 0.78784312 5.56701474
-0.26904951 -0.74181018 0.61427194 247.97347519
0.00000000 0.00000000 0.00000000 1.00000000
300	300	301
0.95050810 -0.30752706 0.04428837 246.48685607
0.15607028 0.59583759 0.78779416 5.57949009
-0.26865670 -0.74189263 0.61434429 247.95248039
0.00000000 0.00000000 0.00000000 1.00000000
301	301	302
0.95057622 -0.30730611 0.04436000 246.47493894
0.15596249 0.59612273 0.78759977 5.61593358
-0.26847823 -0.74175511 0.61458831 247.90790465
0.00000000 0.00000000 0.00000000 1.00000000
302	302	303
0.95053485 -0.30740788 0.04454089 246.44343405
0.15584634 0.59602297 0.78769825 5.60019836
-0.26869204 -0.74179311 0.61444900 247.93387901
0.00000000 0.00000000 0.00000000 1.00000000
303	303	304
0.95059292 -0.30723781 0.04447500 246.45409640
0.15587168 0.59626462 0.78751033 5.63379627
-0.26847181 -0.74166935 0.61469460 247.89144098
0.00000000 0.00000000 0.00000000 1.00000000
304	304	305
0.95064232 -0.30708004 0.04450867 246.44958159
0.15573011 0.59624981 0.78754955 5.62794579
-0.26837903 -0.74174660 0.61464191 247.89878426
0.00000000 0.00000000 0.00000000 1.00000000
305	305	306
0.95070880 -0.30684884 0.04468294 246.42051964
0.15543745 0.59627857 0.78758559 5.62413312
-0.26831321 -0.74181915 0.61458308 247.90868233
0.00000000 0.00000000 0.00000000 1.00000000
306	306	307
0.95075941 -0.30668184 0.04475255 246.40889493
0.15527499 0.59630574 0.78759707 5.62278418
-0.26822793 -0.74186637 0.61456331 247.91127510
0.00000000 0.00000000 0.00000000 1.00000000
307	307	308
0.95073638 -0.30675861 0.04471569 246.41698046
0.15531778 0.59619390 0.78767330 5.60926285
-0.26828479 -0.74192452 0.61446829 247.92694931
0.00000000 0.00000000 0.00000000 1.00000000
308	308	309
0.95072369 -0.30681397 0.04460552 246.43584992
0.15542163 0.59612362 0.78770600 5.60268531
-0.26826961 -0.74195809 0.61443437 247.93202259
0.00000000 0.00000000 0.00000000 1.00000000
309	309	310
0.95071615 -0.30686711 0.04440027 246.47107312
0.15559623 0.59603536 0.78773832 5.59457834
-0.26819511 -0.74200703 0.61440781 247.93432865
0.00000000 0.00000000 0.00000000 1.00000000
310	310	311
0.95077405 -0.30669024 0.04438254 246.47493833
0.15545909 0.59595091 0.78782929 5.57558489
-0.26806937 -0.74214797 0.61429244 247.95227813
0.00000000 0.00000000 0.00000000 1.00000000
311	311	312
0.95075400 -0.30673262 0.04451892 246.45087980
0.15546803 0.59620794 0.78763303 5.60945690
-0.26813528 -0.74192398 0.61453420 247.90998201
0.00000000 0.00000000 0.00000000 1.00000000
312	312	313
0.95074313 -0.30680758 0.04423347 246.50169202
0.15577201 0.59625241 0.78753929 5.62756947
-0.26799734 -0.74185724 0.61467492 247.88826769
0.00000000 0.00000000 0.00000000 1.00000000
313	313	314
0.95070289 -0.30691356 0.04436313 246.47868248
0.15576192 0.59632041 0.78748981 5.63654594
-0.26814594 -0.74175875 0.61472898 247.87849654
0.00000000 0.00000000 0.00000000 1.00000000
314	314	315
0.95060116 -0.30722154 0.04441117 246.46787454
0.15589060 0.59620165 0.78755426 5.62587471
-0.26843164 -0.74172671 0.61464293 247.89131657
0.00000000 0.00000000 0.00000000 1.00000000
315	315	316
0.95061769 -0.30718017 0.04434351 246.47949137
0.15593285 0.59624200 0.78751535 5.63314044
-0.26834856 -0.74171141 0.61469767 247.88316177
0.00000000 0.00000000 0.00000000 1.00000000
316	316	317
0.95069739 -0.30692186 0.04442352 246.46768298
0.15576036 0.59643869 0.78740054 5.64993617
-0.26816634 -0.74166021 0.61483896 247.86078938
0.00000000 0.00000000 0.00000000 1.00000000
317	317	318
0.95072615 -0.30681764 0.04452772 246.45083427
0.15554058 0.59626739 0.78757370 5.61333152
-0.26819193 -0.74184105 0.61460959 247.89928912
0.00000000 0.00000000 0.00000000 1.00000000
318	318	319
0.95091416 -0.30625565 0.04438172 246.48349732
0.15512308 0.59584368 0.78797661 5.53086787
-0.26776686 -0.74241349 0.61410351 247.99570068
0.00000000 0.00000000 0.00000000 1.00000000
319	319	320
0.95088560 -0.30629244 0.04473834 246.42161160
0.15494230 0.59609166 0.78782461 5.55334168
-0.26797288 -0.74219921 0.61427263 247.96063979
0.00000000 0.00000000 0.00000000 1.00000000
320	320	321
0.95091592 -0.30617022 0.04493011 246.38881918
0.15477187 0.59629177 0.78770666 5.56774579
-0.26796378 -0.74208889 0.61440988 247.93705151
0.00000000 0.00000000 0.00000000 1.00000000
321	321	322
0.95082800 -0.30640807 0.04516856 246.34330972
0.15476720 0.59637397 0.78764536 5.57999720
-0.26827825 -0.74192465 0.61447099 247.91453391
0.00000000 0.00000000 0.00000000 1.00000000
322	322	323
0.95074409 -0.30660651 0.04558649 246.26470800
0.15459966 0.59649139 0.78758934 5.58188729
-0.26867196 -0.74174825 0.61451193 247.88847028
0.00000000 0.00000000 0.00000000 1.00000000
323	323	324
0.95064400 -0.30690106 0.04569169 246.23818693
0.15474700 0.59658049 0.78749291 5.60638570
-0.26894118 -0.74155476 0.61462768 247.85661039
0.00000000 0.00000000 0.00000000 1.00000000
324	324	325
0.95063285 -0.30691666 0.04581866 246.21590751
0.15480280 0.59699468 0.78716799 5.66828202
-0.26894847 -0.74121489 0.61503431 247.78492580
0.00000000 0.00000000 0.00000000 1.00000000
325	325	326
0.95082053 -0.30630057 0.04604653 246.18765995
0.15430305 0.59730404 0.78703142 5.65926138
-0.26857195 -0.74122051 0.61519206 247.77912504
0.00000000 0.00000000 0.00000000 1.00000000
326	326	327
0.95076634 -0.30649957 0.04584074 246.21611143
0.15456140 0.59716962 0.78708272 5.66765719
-0.26861521 -0.74124655 0.61514178 247.78635036
0.00000000 0.00000000 0.00000000 1.00000000
327	327	328
0.95081383 -0.30644328 0.04522797 246.32790255
0.15446727 0.59561391 0.78827910 5.44664126
-0.26850124 -0.74252043 0.61365340 248.05483837
0.00000000 0.00000000 0.00000000 1.00000000
328	328	329
0.95092146 -0.30605061 0.04562233 246.27087894
0.15395355 0.59584136 0.78820770 5.41878082
-0.26841512 -0.74249990 0.61371591 248.05009147
0.00000000 0.00000000 0.00000000 1.00000000
329	329	330
0.95103937 -0.30565227 0.04583458 246.24484414
0.15352179 0.59588847 0.78825630 5.37365959
-0.26824462 -0.74262617 0.61363768 248.07667983
0.00000000 0.00000000 0.00000000 1.00000000
330	330	331
0.95089920 -0.30611941 0.04562478 246.26739982
0.15397222 0.59576820 0.78825935 5.41470151
-0.26848328 -0.74253024 0.61364939 248.05472865
0.00000000 0.00000000 0.00000000 1.00000000
331	331	332
0.95078901 -0.30642161 0.04589165 246.21017263
0.15387497 0.59553885 0.78845163 5.37182065
-0.26892888 -0.74258957 0.61338242 248.06117384
0.00000000 0.00000000 0.00000000 1.00000000
332	332	333
0.95088581 -0.30602076 0.04655618 246.10270240
0.15322622 0.59602704 0.78820904 5.34918230
-0.26895707 -0.74236316 0.61364406 248.01297320
0.00000000 0.00000000 0.00000000 1.00000000
333	333	334
0.95071895 -0.30651429 0.04671687 246.05800181
0.15326326 0.59556421 0.78855161 5.29016733
-0.26952524 -0.74253098 0.61319156 248.03367721
0.00000000 0.00000000 0.00000000 1.00000000
334	334	335
0.95054870 -0.30702813 0.04680705 246.02122480
0.15338810 0.59514516 0.78884367 5.25174207
-0.27005418 -0.74265468 0.61280892 248.04164396
0.00000000 0.00000000 0.00000000 1.00000000
335	335	336
0.95051936 -0.30709638 0.04695485 245.99108691
0.15329594 0.59510053 0.78889525 5.23237277
-0.27020973 -0.74266222 0.61273120 248.03643935
0.00000000 0.00000000 0.00000000 1.00000000
336	336	337
0.95061365 -0.30678371 0.04708982 245.97921217
0.15287047 0.59482716 0.78918393 5.12735857
-0.27011908 -0.74301037 0.61234898 248.11277004
0.00000000 0.00000000 0.00000000 1.00000000
337	337	338
0.95032077 -0.30770802 0.04697031 245.96357474
0.15344952 0.59440776 0.78938752 5.16316730
-0.27082038 -0.74296379 0.61209569 248.06646715
0.00000000 0.00000000 0.00000000 1.00000000
338	338	339
0.95022497 -0.30795845 0.04726622 245.89737263
0.15337827 0.59441648 0.78939481 5.15247171
-0.27119662 -0.74285305 0.61206351 248.02244590
0.00000000 0.00000000 0.00000000 1.00000000
339	339	340
0.95003298 -0.30855019 0.04726644 245.86901496
0.15377415 0.59439162 0.78933650 5.21767977
-0.27164470 -0.74262736 0.61213868 247.94776261
0.00000000 0.00000000 0.00000000 1.00000000
340	340	341
0.94991989 -0.30892797 0.04707145 245.88695342
0.15411245 0.59416624 0.78944020 5.24869652
-0.27184842 -0.74265065 0.61201997 247.93817124
0.00000000 0.00000000 0.00000000 1.00000000
341	341	342
0.94996177 -0.30875464 0.04736252 245.84417685
0.15381238 0.59433159 0.78937425 5.21490189
-0.27187201 -0.74259042 0.61208258 247.92209042
0.00000000 0.00000000 0.00000000 1.00000000
342	342	343
0.94980779 -0.30928133 0.04701306 245.87842831
0.15441423 0.59419683 0.78935820 5.30960459
-0.27206877 -0.74247908 0.61213021 247.88316290
0.00000000 0.00000000 0.00000000 1.00000000
343	343	344
0.94975369 -0.30943221 0.04711293 245.85371080
0.15451474 0.59441531 0.78917402 5.35812252
-0.27220051 -0.74224130 0.61235997 247.82139107
0.00000000 0.00000000 0.00000000 1.00000000
344	344	345
0.94966116 -0.30966622 0.04743967 245.78297089
0.15448921 0.59464821 0.78900354 5.38291006
-0.27253766 -0.74195710 0.61255440 247.73262612
0.00000000 0.00000000 0.00000000 1.00000000
345	345	346
0.94959239 -0.30977827 0.04808032 245.66016952
0.15408254 0.59478082 0.78898311 5.31671892
-0.27300708 -0.74180402 0.61253076 247.65530968
0.00000000 0.00000000 0.00000000 1.00000000
346	346	347
0.94945597 -0.31018654 0.04814218 245.62631960
0.15432197 0.59480977 0.78891448 5.37007215
-0.27334609 -0.74161017 0.61261429 247.58361362
0.00000000 0.00000000 0.00000000 1.00000000
347	347	348
0.94925163 -0.31084996 0.04789208 245.63320990
0.15488096 0.59452706 0.78901804 5.45316317
-0.27373936 -0.74155909 0.61250052 247.53074373
0.00000000 0.00000000 0.00000000 1.00000000
348	348	349
0.94933430 -0.31063689 0.04763518 245.68822773
0.15475845 0.59401231 0.78942967 5.35953931
-0.27352186 -0.74206071 0.61198994 247.65897672
0.00000000 0.00000000 0.00000000 1.00000000
349	349	350
0.94929092 -0.31081017 0.04736854 245.72509703
0.15503479 0.59383801 0.78950657 5.39921867
-0.27351591 -0.74212765 0.61191142 247.67387843
0.00000000 0.00000000 0.00000000 1.00000000
350	350	351
0.94946901 -0.31029703 0.04716308 245.79377775
0.15481739 0.59373884 0.78962381 5.33562353
-0.27302048 -0.74242167 0.61177601 247.79503520
0.00000000 0.00000000 0.00000000 1.00000000
351	351	352
0.94951256 -0.31020059 0.04692016 245.84497571
0.15492690 0.59366696 0.78965638 5.35430310
-0.27280682 -0.74251945 0.61175264 247.84031253
0.00000000 0.00000000 0.00000000 1.00000000
352	352	353
0.94967643 -0.30968996 0.04697666 245.86859864
0.15450023 0.59358544 0.78980124 5.24196576
-0.27247818 -0.74279772 0.61156127 247.94123288
0.00000000 0.00000000 0.00000000 1.00000000
353	353	354
0.94954158 -0.31008912 0.04706941 245.82546090
0.15482932 0.59394707 0.78946486 5.36917982
-0.27276120 -0.74234198 0.61198832 247.80872034
0.00000000 0.00000000 0.00000000 1.00000000
354	354	355
0.94955908 -0.31004662 0.04699620 245.84256669
0.15481757 0.59382865 0.78955624 5.35111979
-0.27270693 -0.74245446 0.61187605 247.83907308
0.00000000 0.00000000 0.00000000 1.00000000
355	355	356
0.94929534 -0.31083379 0.04712444 245.76328376
0.15543701 0.59433478 0.78905355 5.57158720
-0.27327220 -0.74171998 0.61251431 247.60883411
0.00000000 0.00000000 0.00000000 1.00000000
356	356	357
0.94930576 -0.31088912 0.04654609 245.86182107
0.15599565 0.59444338 0.78886148 5.72730752
-0.27291746 -0.74160975 0.61280587 247.63827479
0.00000000 0.00000000 0.00000000 1.00000000
357	357	358
0.94931317 -0.31087544 0.04648620 245.87653519
0.15612882 0.59469559 0.78864501 5.79250181
-0.27281550 -0.74141326 0.61308897 247.61466848
0.00000000 0.00000000 0.00000000 1.00000000
358	358	359
0.94935230 -0.31077564 0.04635425 245.90670782
0.15615102 0.59464432 0.78867927 5.79177814
-0.27266660 -0.74149621 0.61305488 247.65540205
0.00000000 0.00000000 0.00000000 1.00000000
359	359	360
0.94922224 -0.31116195 0.04642599 245.86432933
0.15640220 0.59476757 0.78853655 5.87316771
-0.27297524 -0.74123531 0.61323302 247.55431254
0.00000000 0.00000000 0.00000000 1.00000000
360	360	361
0.94926735 -0.31103756 0.04633721 245.89073210
0.15640912 0.59481826 0.78849694 5.88194691
-0.27281438 -0.74124684 0.61329067 247.58293509
0.00000000 0.00000000 0.00000000 1.00000000
361	361	362
0.94931806 -0.31083071 0.04668491 245.84431424
0.15600840 0.59490040 0.78851436 5.78469616
-0.27286735 -0.74126769 0.61324189 247.57969562
0.00000000 0.00000000 0.00000000 1.00000000
362	362	363
0.94935021 -0.31072941 0.04670567 245.84759386
0.15592874 0.59491992 0.78851539 5.76831733
-0.27280106 -0.74129449 0.61323899 247.59684234
0.00000000 0.00000000 0.00000000 1.00000000
363	363	364
0.94935208 -0.31064268 0.04724140 245.75981905
0.15540101 0.59485709 0.78866695 5.61602682
-0.27309550 -0.74138125 0.61300301 247.56766217
0.00000000 0.00000000 0.00000000 1.00000000
364	364	365
0.94931150 -0.31074767 0.04736626 245.72816715
0.15524766 0.59452679 0.78894617 5.53130193
-0.27332370 -0.74160217 0.61263397 247.57657790
0.00000000 0.00000000 0.00000000 1.00000000
365	365	366
0.94929153 -0.31075332 0.04772797 245.66381461
0.15496274 0.59455887 0.78897801 5.45879966
-0.27355463 -0.74157409 0.61256489 247.53348067
0.00000000 0.00000000 0.00000000 1.00000000
366	366	367
0.94929355 -0.31074928 0.04771419 245.66659429
0.15492732 0.59443929 0.78907506 5.43209261
-0.27356769 -0.74167164 0.61244094 247.54935218
0.00000000 0.00000000 0.00000000 1.00000000
367	367	368
0.94940069 -0.31043217 0.04764652 245.70557413
0.15445159 0.59358592 0.78981039 5.19651115
-0.27346486 -0.74248746 0.61149763 247.73162145
0.00000000 0.00000000 0.00000000 1.00000000
368	368	369
0.94932879 -0.31059369 0.04802518 245.62616167
0.15419907 0.59345534 0.78995785 5.11092806
-0.27385672 -0.74252429 0.61127749 247.67299638
0.00000000 0.00000000 0.00000000 1.00000000
369	369	370
0.94940038 -0.31029668 0.04852716 245.56481275
0.15355965 0.59340581 0.79011959 4.92732324
-0.27396778 -0.74268803 0.61102876 247.68601698
0.00000000 0.00000000 0.00000000 1.00000000
370	370	371
0.94940252 -0.31029727 0.04848150 245.57418132
0.15353854 0.59324445 0.79024486 4.90190431
-0.27397220 -0.74281668 0.61087037 247.70925961
0.00000000 0.00000000 0.00000000 1.00000000
371	371	372
0.94925792 -0.31068517 0.04882750 245.48370259
0.15333603 0.59275726 0.79064967 4.79004674
-0.27458598 -0.74304344 0.61031875 247.64630322
0.00000000 0.00000000 0.00000000 1.00000000
372	372	373
0.94926599 -0.31066173 0.04881974 245.48703829
0.15326301 0.59258554 0.79079253 4.74815868
-0.27459885 -0.74319020 0.61013425 247.67093672
0.00000000 0.00000000 0.00000000 1.00000000
373	373	374
0.94884790 -0.31190578 0.04901477 245.35662148
0.15393353 0.59253615 0.79069930 4.92520130
-0.27566671 -0.74270835 0.61023943 247.39305571
0.00000000 0.00000000 0.00000000 1.00000000
374	374	375
0.94885498 -0.31192284 0.04876856 245.39567926
0.15415837 0.59255770 0.79063934 4.98828710
-0.27551666 -0.74268400 0.61033684 247.41498591
0.00000000 0.00000000 0.00000000 1.00000000
375	375	376
0.94880696 -0.31214842 0.04825675 245.45709905
0.15448814 0.59188024 0.79108230 5.00751854
-0.27549730 -0.74312930 0.60980332 247.49662889
0.00000000 0.00000000 0.00000000 1.00000000
376	376	377
0.94881810 -0.31219204 0.04775302 245.52912310
0.15486234 0.59167606 0.79116187 5.08850557
-0.27524876 -0.74327355 0.60973974 247.56698470
0.00000000 0.00000000 0.00000000 1.00000000
377	377	378
0.94890033 -0.31199006 0.04743808 245.59110336
0.15499740 0.59170479 0.79111393 5.12968127
-0.27488902 -0.74333548 0.60982652 247.64630557
0.00000000 0.00000000 0.00000000 1.00000000
378	378	379
0.94900734 -0.31168652 0.04729248 245.63457067
0.15508225 0.59216792 0.79075069 5.19576763
-0.27447142 -0.74309398 0.61030875 247.69150346
0.00000000 0.00000000 0.00000000 1.00000000
379	379	380
0.94911329 -0.31133733 0.04746608 245.64155721
0.15469276 0.59215189 0.79083898 5.08639928
-0.27432482 -0.74325313 0.61018086 247.74399583
0.00000000 0.00000000 0.00000000 1.00000000
380	380	381
0.94905857 -0.31144154 0.04787485 245.58240080
0.15459558 0.59261766 0.79050902 5.10011626
-0.27456883 -0.74283812 0.61057635 247.63875902
0.00000000 0.00000000 0.00000000 1.00000000
381	381	382
0.94917252 -0.31104282 0.04820684 245.57480538
0.15436874 0.59349079 0.78989808 5.10892790
-0.27430244 -0.74230792 0.61134043 247.62032989
0.00000000 0.00000000 0.00000000 1.00000000
382	382	383
0.94913443 -0.31112284 0.04843969 245.54073863
0.15429862 0.59367690 0.78977191 5.10451900
-0.27447361 -0.74212554 0.61148502 247.56240277
0.00000000 0.00000000 0.00000000 1.00000000
383	383	384
0.94916027 -0.31116264 0.04767175 245.61748244
0.15500742 0.59379220 0.78954640 5.30725119
-0.27398446 -0.74201660 0.61183648 247.65350274
0.00000000 0.00000000 0.00000000 1.00000000
384	384	385
0.94916247 -0.31121193 0.04730475 245.64888628
0.15516948 0.59331240 0.78987520 5.31926442
-0.27388508 -0.74237964 0.61144045 247.71960279
0.00000000 0.00000000 0.00000000 1.00000000
385	385	386
0.94894804 -0.31200701 0.04635982 245.67842743
0.15649067 0.59328437 0.78963557 5.66953295
-0.27387639 -0.74206824 0.61182223 247.68575165
0.00000000 0.00000000 0.00000000 1.00000000
386	386	387
0.94862469 -0.31291379 0.04686314 245.56222983
0.15626199 0.59211805 0.79055576 5.54297213
-0.27512431 -0.74261779 0.61059433 247.47233967
0.00000000 0.00000000 0.00000000 1.00000000
387	387	388
0.94858876 -0.31312939 0.04614497 245.60475619
0.15682170 0.59161410 0.79082217 5.66996659
-0.27492968 -0.74292849 0.61030397 247.54653591
0.00000000 0.00000000 0.00000000 1.00000000
388	388	389
0.94872568 -0.31274739 0.04592017 245.65228915
0.15654118 0.59105547 0.79129532 5.57007787
-0.27461692 -0.74353379 0.60970735 247.67289184
0.00000000 0.00000000 0.00000000 1.00000000
389	389	390
0.94874001 -0.31253516 0.04705498 245.58296354
0.15572193 0.59179173 0.79090659 5.38730031
-0.27503287 -0.74303723 0.61012507 247.53886984
0.00000000 0.00000000 0.00000000 1.00000000
390	390	391
0.94897810 -0.31196395 0.04603324 245.69951507
0.15603038 0.59137869 0.79115470 5.45364594
-0.27403482 -0.74360590 0.60988128 247.80981404
0.00000000 0.00000000 0.00000000 1.00000000
391	391	392
0.94917090 -0.31138528 0.04597626 245.75159059
0.15578984 0.59167102 0.79098352 5.40060006
-0.27350344 -0.74361590 0.61010758 247.93279411
0.00000000 0.00000000 0.00000000 1.00000000
392	392	393
0.94931903 -0.31094086 0.04592562 245.79009579
0.15557880 0.59180868 0.79092207 5.34904424
-0.27310917 -0.74369232 0.61019105 248.02897232
0.00000000 0.00000000 0.00000000 1.00000000
393	393	394
0.94936990 -0.31083508 0.04558882 245.81889122
0.15550949 0.59105185 0.79150143 5.31410808
-0.27297177 -0.74433814 0.60946464 248.09795756
0.00000000 0.00000000 0.00000000 1.00000000
394	394	395
0.94945005 -0.31067800 0.04498641 245.86238089
0.15603591 0.59141096 0.79112949 5.46449947
-0.27239198 -0.74411844 0.60999209 248.22707140
0.00000000 0.00000000 0.00000000 1.00000000
395	395	396
0.94945525 -0.31084741 0.04368765 245.91022163
0.15709916 0.59104255 0.79119439 5.74125957
-0.27176198 -0.74434038 0.61000232 248.39096150
0.00000000 0.00000000 0.00000000 1.00000000
396	396	397
0.94939793 -0.31118295 0.04252925 245.92886839
0.15815736 0.59066884 0.79126264 6.01141328
-0.27134815 -0.74449680 0.60999565 248.49758622
0.00000000 0.00000000 0.00000000 1.00000000
397	397	398
0.94941566 -0.31109132 0.04280306 245.92558895
0.15780551 0.59050134 0.79145789 5.91946672
-0.27149094 -0.74466795 0.60972314 248.47052239
0.00000000 0.00000000 0.00000000 1.00000000
398	398	399
0.94962742 -0.31062690 0.04145705 246.00112748
0.15869558 0.59073615 0.79110462 6.15293993
-0.27022855 -0.74467559 0.61027436 248.78273858
0.00000000 0.00000000 0.00000000 1.00000000
399	399	400
0.94971012 -0.31035147 0.04162519 246.02044846
0.15828391 0.59050568 0.79135911 6.04744903
-0.27017937 -0.74497316 0.60993286 248.80128963
0.00000000 0.00000000 0.00000000 1.00000000
400	400	401
0.94972835 -0.31030847 0.04152966 246.02427970
0.15823699 0.59023762 0.79156845 6.03756853
-0.27014276 -0.74520347 0.60966768 248.81684573
0.00000000 0.00000000 0.00000000 1.00000000
401	401	402
0.94979501 -0.31019950 0.04081300 246.04591437
0.15844323 0.58936203 0.79217936 6.09405432
-0.26978728 -0.74594147 0.60892213 248.91424429
0.00000000 0.00000000 0.00000000 1.00000000
402	402	403
0.94973764 -0.31037214 0.04083559 246.03174417
0.15867491 0.58972942 0.79185951 6.14716662
-0.26985308 -0.74557920 0.60933650 248.89573098
0.00000000 0.00000000 0.00000000 1.00000000
403	403	404
0.94972542 -0.31037010 0.04113431 246.03273813
0.15843988 0.58977206 0.79187481 6.08974427
-0.27003413 -0.74554632 0.60929652 248.85147735
0.00000000 0.00000000 0.00000000 1.00000000
404	404	405
0.94981576 -0.31008565 0.04119354 246.05201092
0.15824293 0.58989979 0.79181905 6.04021446
-0.26983179 -0.74556363 0.60936498 248.89969118
0.00000000 0.00000000 0.00000000 1.00000000
405	405	406
0.94987145 -0.31001923 0.04040190 246.05224805
0.15873767 0.58956781 0.79196727 6.16506984
-0.26934474 -0.74585379 0.60922535 249.01831188
0.00000000 0.00000000 0.00000000 1.00000000
406	406	407
0.94999617 -0.30966033 0.04022144 246.07630334
0.15866532 0.58962767 0.79193720 6.14694179
-0.26894721 -0.74595555 0.60927638 249.11154465
0.00000000 0.00000000 0.00000000 1.00000000
407	407	408
0.95007081 -0.30948037 0.03984171 246.08057193
0.15863843 0.58901400 0.79239911 6.15487973
-0.26869930 -0.74651484 0.60870049 249.16237674
0.00000000 0.00000000 0.00000000 1.00000000
408	408	409
0.94997749 -0.30963960 0.04081779 246.08534498
0.15802174 0.58926120 0.79233854 6.01237652
-0.26939173 -0.74625368 0.60871466 249.00580490
0.00000000 0.00000000 0.00000000 1.00000000
409	409	410
0.95013816 -0.30924763 0.04004222 246.09532248
0.15827661 0.58891305 0.79254648 6.07931813
-0.26867451 -0.74669091 0.60849543 249.16110111
0.00000000 0.00000000 0.00000000 1.00000000
410	410	411
0.95011489 -0.30932855 0.03996933 246.08923211
0.15848195 0.58916184 0.79232051 6.11561085
-0.26863576 -0.74646110 0.60879443 249.17920587
0.00000000 0.00000000 0.00000000 1.00000000
411	411	412
0.95030953 -0.30871436 0.04009039 246.13308647
0.15806698 0.58945015 0.79218896 6.01591335
-0.26819140 -0.74648776 0.60895764 249.28200012
0.00000000 0.00000000 0.00000000 1.00000000
412	412	413
0.94998569 -0.30967265 0.04037386 246.08340153
0.15860499 0.58978945 0.79182881 6.11397581
-0.26901980 -0.74582254 0.60940716 249.12047553
0.00000000 0.00000000 0.00000000 1.00000000
413	413	414
0.94991757 -0.30981546 0.04087764 246.09292470
0.15848941 0.59036255 0.79142477 6.06349059
-0.26932826 -0.74530962 0.60989823 249.07190443
0.00000000 0.00000000 0.00000000 1.00000000
414	414	415
0.94989532 -0.30990433 0.04072082 246.08165183
0.15869929 0.59041415 0.79134422 6.10486133
-0.26928315 -0.74523180 0.61001324 249.08752319
0.00000000 0.00000000 0.00000000 1.00000000
415	415	416
0.94984980 -0.31003117 0.04081707 246.07833653
0.15874476 0.59052242 0.79125430 6.10818322
-0.26941689 -0.74509324 0.61012343 249.06237043
0.00000000 0.00000000 0.00000000 1.00000000
416	416	417
0.94989077 -0.30989730 0.04088027 246.08727957
0.15874257 0.59091460 0.79096190 6.08802670
-0.26927371 -0.74483797 0.61049821 249.10923516
0.00000000 0.00000000 0.00000000 1.00000000
417	417	418
0.95004957 -0.30939299 0.04100965 246.12217573
0.15825122 0.59080513 0.79114212 5.99803639
-0.26900253 -0.74513440 0.61025598 249.15590595
0.00000000 0.00000000 0.00000000 1.00000000
418	418	419
0.95007452 -0.30924482 0.04154578 246.15320138
0.15772426 0.59086201 0.79120487 5.89292336
-0.26922383 -0.74515081 0.61013835 249.10520340
0.00000000 0.00000000 0.00000000 1.00000000
419	419	420
0.95009995 -0.30919287 0.04135052 246.14512713
0.15777535 0.59065131 0.79135199 5.91125388
-0.26910413 -0.74533939 0.60996079 249.12100968
0.00000000 0.00000000 0.00000000 1.00000000
420	420	421
0.95013287 -0.30908845 0.04137459 246.15152530
0.15773312 0.59078701 0.79125910 5.89861123
-0.26901262 -0.74527514 0.61007965 249.14731056
0.00000000 0.00000000 0.00000000 1.00000000
421	421	422
0.95003225 -0.30933367 0.04184979 246.16050120
0.15741173 0.59053044 0.79151459 5.85140788
-0.26955569 -0.74537674 0.60971571 249.01968367
0.00000000 0.00000000 0.00000000 1.00000000
422	422	423
0.95004774 -0.30920199 0.04246678 246.19471627
0.15677453 0.59043816 0.79170988 5.73487985
-0.26987228 -0.74550447 0.60941943 248.94163339
0.00000000 0.00000000 0.00000000 1.00000000
423	423	424
0.95009842 -0.30899634 0.04282814 246.22164623
0.15634426 0.59046840 0.79177240 5.65326657
-0.26994344 -0.74556578 0.60931290 248.92264451
0.00000000 0.00000000 0.00000000 1.00000000
424	424	425
0.95026581 -0.30846516 0.04294339 246.25451114
0.15600966 0.59080888 0.79158439 5.57414142
-0.26954754 -0.74551600 0.60954903 249.01224451
0.00000000 0.00000000 0.00000000 1.00000000
425	425	426
0.95030167 -0.30829897 0.04334157 246.27943580
0.15563102 0.59099204 0.79152220 5.49619966
-0.26964000 -0.74543957 0.60960160 248.99669261
0.00000000 0.00000000 0.00000000 1.00000000
426	426	427
0.95018334 -0.30870055 0.04307654 246.24902530
0.15602673 0.59071955 0.79164770 5.57850147
-0.26982823 -0.74548936 0.60945741 248.95510892
0.00000000 0.00000000 0.00000000 1.00000000
427	427	428
0.95019676 -0.30863423 0.04325540 246.26026357
0.15587387 0.59083370 0.79159262 5.54660339
-0.26986932 -0.74542636 0.60951628 248.94875670
0.00000000 0.00000000 0.00000000 1.00000000
428	428	429
0.95023995 -0.30848042 0.04340360 246.27053959
0.15569639 0.59097388 0.79152290 5.50741239
-0.26981971 -0.74537890 0.60959628 248.95878002
0.00000000 0.00000000 0.00000000 1.00000000
429	429	430
0.95031078 -0.30828526 0.04323910 246.27597118
0.15571310 0.59100882 0.79149353 5.51123196
-0.26956048 -0.74543194 0.60964611 249.00778299
0.00000000 0.00000000 0.00000000 1.00000000
430	430	431
0.95039163 -0.30801190 0.04340992 246.29552083
0.15560676 0.59162326 0.79105528 5.47049740
-0.26933676 -0.74505744 0.61020253 249.06437914
0.00000000 0.00000000 0.00000000 1.00000000
431	431	432
0.95044278 -0.30786982 0.04329771 246.29871537
0.15562211 0.59167532 0.79101332 5.47353467
-0.26914732 -0.74507482 0.61026489 249.10002904
0.00000000 0.00000000 0.00000000 1.00000000
432	432	433
0.95056361 -0.30746273 0.04353731 246.32257141
0.15530475 0.59211715 0.79074504 5.41181995
-0.26890382 -0.74489191 0.61059543 249.14620361
0.00000000 0.00000000 0.00000000 1.00000000
433	433	434
0.95053794 -0.30751072 0.04375818 246.32313537
0.15500674 0.59171022 0.79110804 5.37682018
-0.26916636 -0.74519539 0.61010925 249.09265364
0.00000000 0.00000000 0.00000000 1.00000000
434	434	435
0.95054435 -0.30746078 0.04396938 246.32729916
0.15479197 0.59169651 0.79116034 5.34570776
-0.26926730 -0.74522689 0.61002623 249.07529964
0.00000000 0.00000000 0.00000000 1.00000000
435	435	436
0.95005245 -0.30896777 0.04403715 246.26752006
0.15522859 0.59022458 0.79217361 5.44073766
-0.27074792 -0.74577065 0.60870493 248.83754985
0.00000000 0.00000000 0.00000000 1.00000000
436	436	437
0.95017993 -0.30861966 0.04372638 246.27895382
0.15529945 0.59035876 0.79205973 5.44795820
-0.27025946 -0.74580858 0.60887551 248.90783134
0.00000000 0.00000000 0.00000000 1.00000000
437	437	438
0.95025080 -0.30836780 0.04396258 246.29073845
0.15498335 0.59050277 0.79201429 5.40612117
-0.27019173 -0.74579875 0.60891761 248.91808381
0.00000000 0.00000000 0.00000000 1.00000000
438	438	439
0.95031128 -0.30817153 0.04403150 246.30367064
0.15486327 0.59069860 0.79189174 5.38933804
-0.27004784 -0.74572479 0.60907200 248.93861000
0.00000000 0.00000000 0.00000000 1.00000000
439	439	440
0.95028162 -0.30835797 0.04336143 246.29316220
0.15537897 0.59022992 0.79214015 5.45762322
-0.26985594 -0.74601877 0.60879699 248.95791344
0.00000000 0.00000000 0.00000000 1.00000000
440	440	441
0.95022425 -0.30861151 0.04281145 246.27875489
0.15578839 0.58961724 0.79251593 5.51162725
-0.26982190 -0.74639832 0.60834668 248.95673887
0.00000000 0.00000000 0.00000000 1.00000000
441	441	442
0.95000934 -0.30928109 0.04274873 246.25633299
0.15576716 0.58815702 0.79360438 5.52287080
-0.27058980 -0.74727273 0.60693050 248.86401737
0.00000000 0.00000000 0.00000000 1.00000000
442	442	443
0.95015430 -0.30875617 0.04331780 246.27222373
0.15529896 0.58916038 0.79295162 5.46220299
-0.27034984 -0.74669919 0.60774278 248.89711168
0.00000000 0.00000000 0.00000000 1.00000000
443	443	444
0.95000643 -0.30916001 0.04367931 246.26296780
0.15519863 0.58895930 0.79312063 5.45418915
-0.27092651 -0.74669072 0.60749633 248.84000271
0.00000000 0.00000000 0.00000000 1.00000000
444	444	445
0.95010415 -0.30886855 0.04361565 246.27070767
0.15500773 0.58883205 0.79325243 5.43571424
-0.27069302 -0.74691166 0.60732879 248.86288152
0.00000000 0.00000000 0.00000000 1.00000000
445	445	446
0.95030123 -0.30833610 0.04308615 246.28426549
0.15507934 0.58880707 0.79325698 5.44136224
-0.26995919 -0.74715132 0.60736064 248.93130451
0.00000000 0.00000000 0.00000000 1.00000000
446	446	447
0.95030724 -0.30834078 0.04291977 246.28868419
0.15513855 0.58857768 0.79341562 5.44614218
-0.26990401 -0.74733010 0.60716517 248.93518577
0.00000000 0.00000000 0.00000000 1.00000000
447	447	448
0.95019967 -0.30865912 0.04301311 246.28286138
0.15530256 0.58864950 0.79333025 5.45765311
-0.27018826 -0.74714210 0.60727011 248.91282277
0.00000000 0.00000000 0.00000000 1.00000000
448	448	449
0.95020223 -0.30868013 0.04280529 246.28367033
0.15555418 0.58882617 0.79314982 5.47525231
-0.27003446 -0.74699419 0.60752043 248.92224431
0.00000000 0.00000000 0.00000000 1.00000000
449	449	450
0.95026126 -0.30840993 0.04343787 246.28373643
0.15477975 0.58865203 0.79343053 5.42051845
-0.27027164 -0.74724300 0.60710884 248.90839498
0.00000000 0.00000000 0.00000000 1.00000000
450	450	451
0.95041906 -0.30790690 0.04355390 246.29076159
0.15435421 0.58868662 0.79348777 5.39405404
-0.26995996 -0.74742318 0.60702571 248.92811440
0.00000000 0.00000000 0.00000000 1.00000000
451	451	452
0.95063891 -0.30720375 0.04372093 246.30085194
0.15375489 0.58873301 0.79356971 5.36077320
-0.26952754 -0.74767594 0.60690658 248.95514685
0.00000000 0.00000000 0.00000000 1.00000000
452	452	453
0.95060634 -0.30724028 0.04416999 246.30018574
0.15360986 0.58930125 0.79317592 5.35448727
-0.26972502 -0.74721312 0.60738865 248.94247547
0.00000000 0.00000000 0.00000000 1.00000000
453	453	454
0.95043326 -0.30778571 0.04409746 246.29226999
0.15395618 0.58906826 0.79328184 5.37037771
-0.27013723 -0.74717237 0.60725557 248.92470173
0.00000000 0.00000000 0.00000000 1.00000000
454	454	455
0.95047801 -0.30757448 0.04460373 246.28964090
0.15311335 0.58830242 0.79401295 5.32990910
-0.27045860 -0.74786242 0.60626227 248.92245915
0.00000000 0.00000000 0.00000000 1.00000000
455	455	456
0.95045043 -0.30760602 0.04497245 246.28500517
0.15290727 0.58852506 0.79388766 5.32350006
-0.27067204 -0.74767426 0.60639909 248.91436901
0.00000000 0.00000000 0.00000000 1.00000000
456	456	457
0.95027946 -0.30808682 0.04529297 246.27551850
0.15295192 0.58848816 0.79390642 5.32447952
-0.27124648 -0.74750531 0.60635068 248.89757486
0.00000000 0.00000000 0.00000000 1.00000000
457	457	458
0.95032232 -0.30793560 0.04542209 246.27526068
0.15281664 0.58869507 0.79377906 5.32036810
-0.27117259 -0.74740470 0.60650774 248.89947149
0.00000000 0.00000000 0.00000000 1.00000000
458	458	459
0.95034238 -0.30786549 0.04547740 246.27631774
0.15283887 0.58901466 0.79353765 5.32114545
-0.27108971 -0.74718175 0.60681941 248.89688755
0.00000000 0.00000000 0.00000000 1.00000000
459	459	460
0.95035850 -0.30781602 0.04547554 246.27616834
0.15281329 0.58903233 0.79352947 5.32037697
-0.27104764 -0.74718821 0.60683025 248.89749155
0.00000000 0.00000000 0.00000000 1.00000000
460	460	461
0.95037353 -0.30776432 0.04551135 246.27595504
0.15276278 0.58907216 0.79350963 5.31912980
-0.27102342 -0.74717810 0.60685352 248.89729825
0.00000000 0.00000000 0.00000000 1.00000000
461	461	462
0.95038030 -0.30780507 0.04509247 246.27997287
0.15310563 0.58897694 0.79351422 5.32408258
-0.27080613 -0.74723637 0.60687877 248.90026023
0.00000000 0.00000000 0.00000000 1.00000000
462	462	463
0.95036846 -0.30786403 0.04493922 246.28063250
0.15330409 0.58906117 0.79341338 5.32712488
-0.27073539 -0.74714569 0.60702197 248.90028901
0.00000000 0.00000000 0.00000000 1.00000000
463	463	464
0.95038763 -0.30779836 0.04498348 246.28079780
0.15336747 0.58946100 0.79310412 5.32871961
-0.27063216 -0.74685735 0.60742270 248.89778228
0.00000000 0.00000000 0.00000000 1.00000000
464	464	465
0.95041856 -0.30769265 0.04505313 246.28068036
0.15322708 0.58943194 0.79315285 5.32659113
-0.27060306 -0.74692384 0.60735390 248.89775199
0.00000000 0.00000000 0.00000000 1.00000000
465	465	466
0.95041018 -0.30771786 0.04505789 246.28144816
0.15328551 0.58955695 0.79304864 5.32765277
-0.27059943 -0.74681478 0.60748962 248.89652757
0.00000000 0.00000000 0.00000000 1.00000000
466	466	467
0.95042142 -0.30767000 0.04514746 246.28009598
0.15319158 0.58959366 0.79303951 5.32796158
-0.27061312 -0.74680552 0.60749490 248.89727139
0.00000000 0.00000000 0.00000000 1.00000000
467	467	468
0.95042282 -0.30767223 0.04510284 246.28019924
0.15324068 0.58962223 0.79300878 5.32855183
-0.27058042 -0.74678204 0.60753832 248.89727770
0.00000000 0.00000000 0.00000000 1.00000000
468	468	469
0.95042446 -0.30765792 0.04516582 246.28015858
0.15318533 0.58964132 0.79300528 5.32828883
-0.27060599 -0.74677287 0.60753821 248.89697928
0.00000000 0.00000000 0.00000000 1.00000000
469	469	470
0.95042798 -0.30765759 0.04509399 246.28094761
0.15325127 0.58965850 0.79297976 5.32968335
-0.27055630 -0.74675944 0.60757685 248.89736154
0.00000000 0.00000000 0.00000000 1.00000000
470	470	471
0.95042907 -0.30764784 0.04513757 246.28089019
0.15321710 0.58968281 0.79296829 5.32929663
-0.27057183 -0.74674426 0.60758859 248.89664335
0.00000000 0.00000000 0.00000000 1.00000000
471	471	472
0.95043099 -0.30764028 0.04514857 246.28073323
0.15320954 0.58970146 0.79295588 5.32931239
-0.27056935 -0.74673265 0.60760397 248.89651943
0.00000000 0.00000000 0.00000000 1.00000000
472	472	473
0.95042651 -0.30763015 0.04531162 246.27910892
0.15307776 0.58973216 0.79295850 5.32814138
-0.27065966 -0.74671258 0.60758841 248.89581614
0.00000000 0.00000000 0.00000000 1.00000000
473	473	474
0.95042005 -0.30764247 0.04536343 246.27861700
0.15305378 0.58976220 0.79294079 5.32850626
-0.27069590 -0.74668378 0.60760766 248.89566185
0.00000000 0.00000000 0.00000000 1.00000000
474	474	475
0.95041513 -0.30764750 0.04543231 246.27753155
0.15300799 0.58978496 0.79293269 5.32811047
-0.27073906 -0.74666372 0.60761307 248.89539867
0.00000000 0.00000000 0.00000000 1.00000000
475	475	476
0.95041733 -0.30762441 0.04554239 246.27684112
0.15289497 0.58976980 0.79296577 5.32676683
-0.27079516 -0.74668521 0.60756167 248.89531176
0.00000000 0.00000000 0.00000000 1.00000000
476	476	477
0.95041508 -0.30763211 0.04553745 246.27696524
0.15292503 0.58982692 0.79291749 5.32744903
-0.27078609 -0.74663692 0.60762505 248.89488292
0.00000000 0.00000000 0.00000000 1.00000000
477	477	478
0.95042686 -0.30760988 0.04544158 246.27778518
0.15300557 0.58987008 0.79286984 5.32870237
-0.27069923 -0.74661198 0.60769439 248.89545422
0.00000000 0.00000000 0.00000000 1.00000000
478	478	479
0.95043076 -0.30759954 0.04543010 246.27790368
0.15301550 0.58989042 0.79285279 5.32891150
-0.27067994 -0.74660017 0.60771750 248.89538007
0.00000000 0.00000000 0.00000000 1.00000000
479	479	480
0.95044307 -0.30753871 0.04558421 246.27532642
0.15286299 0.58993826 0.79284662 5.32792297
-0.27072289 -0.74658743 0.60771401 248.89564464
0.00000000 0.00000000 0.00000000 1.00000000
480	480	481
0.95044325 -0.30751173 0.04576196 246.27165505
0.15274412 0.59006985 0.79277159 5.32541398
-0.27078932 -0.74649454 0.60779852 248.89386508
0.00000000 0.00000000 0.00000000 1.00000000
481	481	482
0.95046976 -0.30749362 0.04533104 246.27539768
0.15309883 0.59009083 0.79268756 5.32754991
-0.27049580 -0.74648542 0.60794040 248.89385907
0.00000000 0.00000000 0.00000000 1.00000000
482	482	483
0.95046566 -0.30749748 0.04539090 246.27314637
0.15303298 0.59003965 0.79273837 5.32625096
-0.27054748 -0.74652429 0.60786968 248.89436827
0.00000000 0.00000000 0.00000000 1.00000000
483	483	484
0.95045264 -0.30750171 0.04563414 246.27133136
0.15281946 0.59000238 0.79280729 5.32462993
-0.27071385 -0.74655200 0.60776157 248.89425294
0.00000000 0.00000000 0.00000000 1.00000000
484	484	485
0.95047207 -0.30744806 0.04559095 246.27209535
0.15283382 0.59004310 0.79277422 5.32576237
-0.27063752 -0.74654192 0.60780794 248.89425234
0.00000000 0.00000000 0.00000000 1.00000000
485	485	486
0.95049937 -0.30735303 0.04566240 246.27119665
0.15272728 0.59009161 0.79275864 5.32648241
-0.27060177 -0.74654270 0.60782290 248.89522473
0.00000000 0.00000000 0.00000000 1.00000000
486	486	487
0.95049650 -0.30730637 0.04603472 246.26420302
0.15246869 0.59032217 0.79263676 5.32912415
-0.27075764 -0.74637961 0.60795376 248.89226491
0.00000000 0.00000000 0.00000000 1.00000000
