0	0	1
0.94947912 -0.31009139 0.04829830 246.24811103
0.15085152 0.58591117 0.79621098 4.87019688
-0.27519668 -0.74869983 0.60308818 249.70545529
0.00000000 0.00000000 0.00000000 1.00000000
1	1	2
0.94951959 -0.30992174 0.04859085 246.24559312
0.15063927 0.58631284 0.79595544 4.86938563
-0.27517333 -0.74845559 0.60340191 249.70352250
0.00000000 0.00000000 0.00000000 1.00000000
2	2	3
0.94949999 -0.30999406 0.04851245 246.24562346
0.15078977 0.58641047 0.79585501 4.87030938
-0.27515853 -0.74834914 0.60354067 249.70368916
0.00000000 0.00000000 0.00000000 1.00000000
3	3	4
0.94952731 -0.31006099 0.04754021 246.25224320
0.15161990 0.58632886 0.79575742 4.86761795
-0.27460753 -0.74838536 0.60374668 249.69990990
0.00000000 0.00000000 0.00000000 1.00000000
4	4	5
0.94944010 -0.31032530 0.04755737 246.25412164
0.15182389 0.58643683 0.79563896 4.86680078
-0.27479629 -0.74819119 0.60390143 249.69508835
0.00000000 0.00000000 0.00000000 1.00000000
5	5	6
0.94967807 -0.30970620 0.04683631 246.26543408
0.15193017 0.58622031 0.79577822 4.86304735
-0.27391384 -0.74861727 0.60377428 249.69659668
0.00000000 0.00000000 0.00000000 1.00000000
6	6	7
0.94965455 -0.30981708 0.04657911 246.26927834
0.15222767 0.58623955 0.79570719 4.86332213
-0.27383019 -0.74855632 0.60388779 249.69344218
0.00000000 0.00000000 0.00000000 1.00000000
7	7	8
0.94958845 -0.31000149 0.04669956 246.26514784
0.15233645 0.58647182 0.79551518 4.86774281
-0.27399887 -0.74829799 0.60413140 249.68788237
0.00000000 0.00000000 0.00000000 1.00000000
8	8	9
0.94965920 -0.30983269 0.04638010 246.27455949
0.15261099 0.58680294 0.79521833 4.87417135
-0.27360061 -0.74810829 0.60454668 249.67466223
0.00000000 0.00000000 0.00000000 1.00000000
9	9	10
0.94975472 -0.30948202 0.04676369 246.25925962
0.15208764 0.58689896 0.79524774 4.87127096
-0.27356044 -0.74817811 0.60447845 249.67539965
0.00000000 0.00000000 0.00000000 1.00000000
10	10	11
0.94969007 -0.30959042 0.04735557 246.23421104
0.15185870 0.58742683 0.79490167 4.88090595
-0.27391187 -0.74771886 0.60488742 249.65733892
0.00000000 0.00000000 0.00000000 1.00000000
11	11	12
0.94967702 -0.30963084 0.04735297 246.23553227
0.15197655 0.58766784 0.79470097 4.88908187
-0.27389175 -0.74751271 0.60515127 249.64407079
0.00000000 0.00000000 0.00000000 1.00000000
12	12	13
0.94926244 -0.31093747 0.04710321 246.24255812
0.15249355 0.58609637 0.79576175 4.83908460
-0.27503917 -0.74820381 0.60377523 249.70635896
0.00000000 0.00000000 0.00000000 1.00000000
13	13	14
0.94922146 -0.31108765 0.04693708 246.25401328
0.15276275 0.58617348 0.79565331 4.84578826
-0.27503119 -0.74808096 0.60393105 249.69708249
0.00000000 0.00000000 0.00000000 1.00000000
14	14	15
0.94942861 -0.31054673 0.04632536 246.28881238
0.15312252 0.58675478 0.79515554 4.87226827
-0.27411458 -0.74784996 0.60463347 249.65536230
0.00000000 0.00000000 0.00000000 1.00000000
15	15	16
0.94948894 -0.31034771 0.04642260 246.28089953
0.15273103 0.58627624 0.79558369 4.84440499
-0.27412404 -0.74830774 0.60406253 249.69195407
0.00000000 0.00000000 0.00000000 1.00000000
16	16	17
0.94950882 -0.31008818 0.04773177 246.18668009
0.15161229 0.58669535 0.79548870 4.84398245
-0.27467565 -0.74808682 0.60408559 249.68704384
0.00000000 0.00000000 0.00000000 1.00000000
17	17	18
0.94934203 -0.31058669 0.04780806 246.17885539
0.15202408 0.58707150 0.79513253 4.87261353
-0.27502433 -0.74758475 0.60454831 249.65571405
0.00000000 0.00000000 0.00000000 1.00000000
18	18	19
0.94936831 -0.31047963 0.04798132 246.16517720
0.15198492 0.58755656 0.79478165 4.90026963
-0.27495525 -0.74724808 0.60499580 249.61940063
0.00000000 0.00000000 0.00000000 1.00000000
19	19	20
0.94962613 -0.30969034 0.04798024 246.16711661
0.15136259 0.58731548 0.79507855 4.87561617
-0.27440768 -0.74776495 0.60460566 249.65926726
0.00000000 0.00000000 0.00000000 1.00000000
20	20	21
0.94979989 -0.30921643 0.04759599 246.19845832
0.15166771 0.58814636 0.79440592 4.93691160
-0.27363677 -0.74730787 0.60551950 249.57694329
0.00000000 0.00000000 0.00000000 1.00000000
21	21	22
0.94981923 -0.30923158 0.04710905 246.24242403
0.15215873 0.58834728 0.79416321 4.95760978
-0.27329682 -0.74714343 0.60587585 249.54240739
0.00000000 0.00000000 0.00000000 1.00000000
22	22	23
0.94995591 -0.30895280 0.04617299 246.33510363
0.15283130 0.58856404 0.79387339 4.98806493
-0.27244517 -0.74708804 0.60632755 249.50169669
0.00000000 0.00000000 0.00000000 1.00000000
23	23	24
0.94995852 -0.30898455 0.04590609 246.35948926
0.15301354 0.58839302 0.79396506 4.97843710
-0.27233375 -0.74720961 0.60622778 249.51365046
0.00000000 0.00000000 0.00000000 1.00000000
24	24	25
0.94998143 -0.30888689 0.04608882 246.33926531
0.15283297 0.58849829 0.79392181 4.98263349
-0.27235523 -0.74716708 0.60627055 249.50867034
0.00000000 0.00000000 0.00000000 1.00000000
25	25	26
0.95007647 -0.30855363 0.04636117 246.31193669
0.15258026 0.58904950 0.79356156 5.02032103
-0.27216532 -0.74687037 0.60672127 249.46248237
0.00000000 0.00000000 0.00000000 1.00000000
26	26	27
0.94980755 -0.30935721 0.04651599 246.29148564
0.15300653 0.58907721 0.79345891 5.03130464
-0.27286374 -0.74651601 0.60684366 249.44909303
0.00000000 0.00000000 0.00000000 1.00000000
27	27	28
0.95005699 -0.30846529 0.04733790 246.19975772
0.15187460 0.58951555 0.79335082 5.04165528
-0.27262762 -0.74653907 0.60692141 249.44036202
0.00000000 0.00000000 0.00000000 1.00000000
28	28	29
0.95011843 -0.30827369 0.04735294 246.19914475
0.15195191 0.59011810 0.79288791 5.09113423
-0.27237032 -0.74614205 0.60752486 249.37393479
0.00000000 0.00000000 0.00000000 1.00000000
29	29	30
0.95044333 -0.30738605 0.04659711 246.27920964
0.15204217 0.59029020 0.79274249 5.10548093
-0.27118381 -0.74637209 0.60777302 249.34637254
0.00000000 0.00000000 0.00000000 1.00000000
30	30	31
0.95036463 -0.30765990 0.04639460 246.29913431
0.15282013 0.59145376 0.79172499 5.22036879
-0.27102229 -0.74533739 0.60911336 249.19587011
0.00000000 0.00000000 0.00000000 1.00000000
31	31	32
0.95036085 -0.30772343 0.04604933 246.33840186
0.15322037 0.59164463 0.79150499 5.24203422
-0.27080947 -0.74515966 0.60942539 249.15979608
0.00000000 0.00000000 0.00000000 1.00000000
32	32	33
0.94996070 -0.30894354 0.04613632 246.33059209
0.15401626 0.59174540 0.79127516 5.26246557
-0.27176030 -0.74457456 0.60971720 249.13823196
0.00000000 0.00000000 0.00000000 1.00000000
33	33	34
0.94971308 -0.30968993 0.04623000 246.32119385
0.15408514 0.59075507 0.79200140 5.17278859
-0.27258546 -0.74505074 0.60876643 249.25533697
0.00000000 0.00000000 0.00000000 1.00000000
34	34	35
0.94999362 -0.30878215 0.04653725 246.28311567
0.15328463 0.59095767 0.79200559 5.18340255
-0.27205873 -0.74526681 0.60873757 249.24780209
0.00000000 0.00000000 0.00000000 1.00000000
35	35	36
0.95010109 -0.30870143 0.04484799 246.46163053
0.15491706 0.59172620 0.79111365 5.25704194
-0.27075565 -0.74469022 0.61002283 249.08009811
0.00000000 0.00000000 0.00000000 1.00000000
36	36	37
0.95019718 -0.30850482 0.04415982 246.54078326
0.15493165 0.59055642 0.79198440 5.15525863
-0.27040987 -0.74569960 0.60894221 249.19225894
0.00000000 0.00000000 0.00000000 1.00000000
37	37	38
0.95070739 -0.30687250 0.04455022 246.47877047
0.15390256 0.59168185 0.79134480 5.25948721
-0.26920151 -0.74548096 0.60974477 249.07082932
0.00000000 0.00000000 0.00000000 1.00000000
38	38	39
0.95077121 -0.30677147 0.04387913 246.55340491
0.15437110 0.59162296 0.79129757 5.24798375
-0.26870742 -0.74556927 0.60985472 249.04109193
0.00000000 0.00000000 0.00000000 1.00000000
39	39	40
0.95063730 -0.30723127 0.04356218 246.59709258
0.15511359 0.59208206 0.79080883 5.27604327
-0.26875358 -0.74501529 0.61051103 248.96947971
0.00000000 0.00000000 0.00000000 1.00000000
40	40	41
0.95056961 -0.30742305 0.04368619 246.58637508
0.15502692 0.59176560 0.79106266 5.25017741
-0.26904288 -0.74518759 0.61017325 249.01953460
0.00000000 0.00000000 0.00000000 1.00000000
41	41	42
0.95047384 -0.30778043 0.04325149 246.63860945
0.15574218 0.59207005 0.79069427 5.26314634
-0.26896814 -0.74479814 0.61068148 248.96117700
0.00000000 0.00000000 0.00000000 1.00000000
42	42	43
0.95058702 -0.30758866 0.04211342 246.76311890
0.15615277 0.59094404 0.79145528 5.15623940
-0.26832934 -0.74577099 0.60977455 249.02737689
0.00000000 0.00000000 0.00000000 1.00000000
43	43	44
0.95066038 -0.30733143 0.04233483 246.73883325
0.15585128 0.59110512 0.79139442 5.17830167
-0.26824471 -0.74574938 0.60983821 249.01651927
0.00000000 0.00000000 0.00000000 1.00000000
44	44	45
0.95070908 -0.30715565 0.04251652 246.71580686
0.15514890 0.58990517 0.79242710 5.09611004
-0.26847918 -0.74677124 0.60848307 249.17645139
0.00000000 0.00000000 0.00000000 1.00000000
45	45	46
0.95071902 -0.30711911 0.04255818 246.70951972
0.15485929 0.58926517 0.79295974 5.05017944
-0.26861114 -0.74729138 0.60778586 249.26109288
0.00000000 0.00000000 0.00000000 1.00000000
46	46	47
0.95049383 -0.30753346 0.04454945 246.49947084
0.15341240 0.58908089 0.79337781 5.09066406
-0.27023345 -0.74726627 0.60709719 249.43595346
0.00000000 0.00000000 0.00000000 1.00000000
47	47	48
0.95058668 -0.30727498 0.04435136 246.51480910
0.15366507 0.58980791 0.79278854 5.14075739
-0.26976287 -0.74679898 0.60788098 249.32142363
0.00000000 0.00000000 0.00000000 1.00000000
48	48	49
0.95080320 -0.30657973 0.04452137 246.48042085
0.15293202 0.58947656 0.79317664 5.14471270
-0.26941618 -0.74734614 0.60736206 249.35354000
0.00000000 0.00000000 0.00000000 1.00000000
49	49	50
0.95071590 -0.30685921 0.04446014 246.49017447
0.15306812 0.58918694 0.79336555 5.11353207
-0.26964686 -0.74745982 0.60711975 249.39755475
0.00000000 0.00000000 0.00000000 1.00000000
50	50	51
0.95091978 -0.30621768 0.04452307 246.47200111
0.15265403 0.58939000 0.79329451 5.15443909
-0.26916225 -0.74756281 0.60720797 249.35196913
0.00000000 0.00000000 0.00000000 1.00000000
51	51	52
0.95049145 -0.30760498 0.04410421 246.54628581
0.15374716 0.58884464 0.79348838 5.04209595
-0.27005150 -0.74742302 0.60698519 249.44695953
0.00000000 0.00000000 0.00000000 1.00000000
52	52	53
0.95025979 -0.30838086 0.04367585 246.61163313
0.15455755 0.58864161 0.79348158 4.96961220
-0.27040395 -0.74726320 0.60702505 249.46917620
0.00000000 0.00000000 0.00000000 1.00000000
53	53	54
0.95017044 -0.30863728 0.04380819 246.60731448
0.15490832 0.58943464 0.79282420 5.01463576
-0.27051718 -0.74653187 0.60787385 249.39685399
0.00000000 0.00000000 0.00000000 1.00000000
54	54	55
0.95061819 -0.30740039 0.04277913 246.68224965
0.15480274 0.58908993 0.79310098 4.99285957
-0.26900030 -0.74731390 0.60758602 249.28133134
0.00000000 0.00000000 0.00000000 1.00000000
55	55	56
0.95093814 -0.30638919 0.04292216 246.64018778
0.15408388 0.58932958 0.79306292 5.06890165
-0.26828120 -0.74754017 0.60762561 249.20345776
0.00000000 0.00000000 0.00000000 1.00000000
56	56	57
0.95112890 -0.30580822 0.04283851 246.63262178
0.15395071 0.58986228 0.79269267 5.12364756
-0.26768076 -0.74735789 0.60811446 249.09188139
0.00000000 0.00000000 0.00000000 1.00000000
57	57	58
0.95139039 -0.30503271 0.04256016 246.63591948
0.15380875 0.59028748 0.79240366 5.17003250
-0.26683176 -0.74733911 0.60851054 248.95664169
0.00000000 0.00000000 0.00000000 1.00000000
58	58	59
0.95129035 -0.30532591 0.04269380 246.62831294
0.15390022 0.59029846 0.79237772 5.16291308
-0.26713553 -0.74721069 0.60853496 248.98604209
0.00000000 0.00000000 0.00000000 1.00000000
59	59	60
0.95133260 -0.30528540 0.04203690 246.69119155
0.15467302 0.59100772 0.79169826 5.14588655
-0.26653805 -0.74666639 0.60946433 248.82285979
0.00000000 0.00000000 0.00000000 1.00000000
60	60	61
0.95161779 -0.30438715 0.04209559 246.66025283
0.15418773 0.59149494 0.79142901 5.23942599
-0.26580015 -0.74664731 0.60980987 248.70708251
0.00000000 0.00000000 0.00000000 1.00000000
61	61	62
0.95125612 -0.30550862 0.04214590 246.69260021
0.15447960 0.59029582 0.79226693 5.11169308
-0.26692293 -0.74713809 0.60871736 248.95782261
0.00000000 0.00000000 0.00000000 1.00000000
62	62	63
0.95133132 -0.30515346 0.04301273 246.59341308
0.15362105 0.59058779 0.79221628 5.22687318
-0.26715033 -0.74705250 0.60872265 248.98917580
0.00000000 0.00000000 0.00000000 1.00000000
63	63	64
0.95114466 -0.30577925 0.04269521 246.64442581
0.15442266 0.59090170 0.79182626 5.16520330
-0.26735272 -0.74654821 0.60925224 248.96558327
0.00000000 0.00000000 0.00000000 1.00000000
64	64	65
0.95093814 -0.30608688 0.04502740 246.43091489
0.15321985 0.59237262 0.79096040 5.41621567
-0.26877560 -0.74525533 0.61020830 249.06879458
0.00000000 0.00000000 0.00000000 1.00000000
65	65	66
0.95082723 -0.30645236 0.04488347 246.45861123
0.15366274 0.59257823 0.79072043 5.38246944
-0.26891511 -0.74494160 0.61052983 249.06113751
0.00000000 0.00000000 0.00000000 1.00000000
66	66	67
0.95086415 -0.30623128 0.04560446 246.38392012
0.15283719 0.59236989 0.79103648 5.46313551
-0.26925482 -0.74519817 0.61006682 249.14833186
0.00000000 0.00000000 0.00000000 1.00000000
67	67	68
0.95077875 -0.30638993 0.04631396 246.32080897
0.15240326 0.59250336 0.79102024 5.52626539
-0.26980181 -0.74502683 0.61003442 249.23155918
0.00000000 0.00000000 0.00000000 1.00000000
68	68	69
0.95092216 -0.30597637 0.04610312 246.32142798
0.15245452 0.59293915 0.79068374 5.55500770
-0.26926689 -0.74485007 0.61048646 249.11406694
0.00000000 0.00000000 0.00000000 1.00000000
69	69	70
0.95094589 -0.30597503 0.04562022 246.36421018
0.15288308 0.59301662 0.79054288 5.50415374
-0.26893993 -0.74478894 0.61070512 249.04569025
0.00000000 0.00000000 0.00000000 1.00000000
70	70	71
0.95094601 -0.30589158 0.04617387 246.31064172
0.15257339 0.59359056 0.79017188 5.59014433
-0.26911530 -0.74436589 0.61114350 249.03633001
0.00000000 0.00000000 0.00000000 1.00000000
71	71	72
0.95085477 -0.30641951 0.04452296 246.47643405
0.15422533 0.59336893 0.79001763 5.35049402
-0.26849535 -0.74432547 0.61146533 248.91098075
0.00000000 0.00000000 0.00000000 1.00000000
72	72	73
0.95079849 -0.30662245 0.04432722 246.50395016
0.15437024 0.59293581 0.79031447 5.29297806
-0.26861136 -0.74458700 0.61109585 248.95871740
0.00000000 0.00000000 0.00000000 1.00000000
73	73	74
0.95062412 -0.30696456 0.04567880 246.39520837
0.15358486 0.59322534 0.79025021 5.42494046
-0.26967663 -0.74421533 0.61107942 249.13302734
0.00000000 0.00000000 0.00000000 1.00000000
74	74	75
0.95066016 -0.30697988 0.04481746 246.47330264
0.15444462 0.59359405 0.78980565 5.33208528
-0.26905783 -0.74391495 0.61171761 248.97847431
0.00000000 0.00000000 0.00000000 1.00000000
75	75	76
0.95070913 -0.30686447 0.04456845 246.48679247
0.15459845 0.59366549 0.78972185 5.31724449
-0.26879633 -0.74390556 0.61184397 248.92577959
0.00000000 0.00000000 0.00000000 1.00000000
76	76	77
0.95059376 -0.30726984 0.04423524 246.53653411
0.15528318 0.59402759 0.78931512 5.24408821
-0.26880968 -0.74344904 0.61239275 248.88135815
0.00000000 0.00000000 0.00000000 1.00000000
77	77	78
0.95055682 -0.30750411 0.04339296 246.61874880
0.15614294 0.59402808 0.78914512 5.11361477
-0.26844201 -0.74335177 0.61267204 248.79358655
0.00000000 0.00000000 0.00000000 1.00000000
78	78	79
0.95069252 -0.30703418 0.04374635 246.56126280
0.15552063 0.59400741 0.78928356 5.20537037
-0.26832268 -0.74356251 0.61246855 248.79334027
0.00000000 0.00000000 0.00000000 1.00000000
79	79	80
0.95077610 -0.30678633 0.04366872 246.55407486
0.15521909 0.59346223 0.78975289 5.20976733
-0.26820112 -0.74409995 0.61186880 248.82382291
0.00000000 0.00000000 0.00000000 1.00000000
80	80	81
0.95074887 -0.30691694 0.04334248 246.58798470
0.15551602 0.59328662 0.78982641 5.14687247
-0.26812562 -0.74418612 0.61179709 248.81667553
0.00000000 0.00000000 0.00000000 1.00000000
81	81	82
0.95071514 -0.30695062 0.04384114 246.54474376
0.15530507 0.59378646 0.78949223 5.22075709
-0.26836740 -0.74377346 0.61219276 248.83131648
0.00000000 0.00000000 0.00000000 1.00000000
82	82	83
0.95132570 -0.30473800 0.04597995 246.25283681
0.15269011 0.59565157 0.78859681 5.79296456
-0.26770345 -0.74319174 0.61318913 248.62504592
0.00000000 0.00000000 0.00000000 1.00000000
83	83	84
0.95116805 -0.30504890 0.04716476 246.16776663
0.15166179 0.59493621 0.78933492 5.90980774
-0.26884577 -0.74363706 0.61214857 248.92211033
0.00000000 0.00000000 0.00000000 1.00000000
84	84	85
0.95089847 -0.30579801 0.04774594 246.15767204
0.15159618 0.59467406 0.78954503 5.90674372
-0.26983457 -0.74353906 0.61183247 249.13778684
0.00000000 0.00000000 0.00000000 1.00000000
85	85	86
0.95099380 -0.30557906 0.04724654 246.18760297
0.15182419 0.59457184 0.78957820 5.86385165
-0.26937002 -0.74371081 0.61182843 249.05065699
0.00000000 0.00000000 0.00000000 1.00000000
86	86	87
0.95093540 -0.30574433 0.04735256 246.18747104
0.15179730 0.59442902 0.78969090 5.85723654
-0.26959125 -0.74375704 0.61167477 249.10693120
0.00000000 0.00000000 0.00000000 1.00000000
87	87	88
0.95073353 -0.30636907 0.04736813 246.21808512
0.15206078 0.59401498 0.78995172 5.78094920
-0.27015415 -0.74383075 0.61133668 249.24196615
0.00000000 0.00000000 0.00000000 1.00000000
88	88	89
0.95079449 -0.30606661 0.04809436 246.14116542
0.15136336 0.59432458 0.78985278 5.92562010
-0.27033122 -0.74370795 0.61140781 249.26974488
0.00000000 0.00000000 0.00000000 1.00000000
89	89	90
0.95102508 -0.30527828 0.04854354 246.06405672
0.15064666 0.59486073 0.78958615 6.09841907
-0.26992015 -0.74360331 0.61171663 249.16739509
0.00000000 0.00000000 0.00000000 1.00000000
90	90	91
0.95105946 -0.30527381 0.04789375 246.12014246
0.15111805 0.59468137 0.78963118 5.99761138
-0.26953524 -0.74374859 0.61170972 249.09018486
0.00000000 0.00000000 0.00000000 1.00000000
91	91	92
0.95119660 -0.30473018 0.04862658 246.02216519
0.15100192 0.59706316 0.78785405 6.21107346
-0.26911605 -0.74206139 0.61393929 248.79606459
0.00000000 0.00000000 0.00000000 1.00000000
92	92	93
0.95105376 -0.30523592 0.04824715 246.08637471
0.15151243 0.59664865 0.78807003 6.08228831
-0.26933388 -0.74218692 0.61369198 248.86551417
0.00000000 0.00000000 0.00000000 1.00000000
93	93	94
0.95077481 -0.30592983 0.04933756 246.02048856
0.15101442 0.59645714 0.78831055 6.15084397
-0.27059546 -0.74205513 0.61329624 249.16150564
0.00000000 0.00000000 0.00000000 1.00000000
94	94	95
0.95073287 -0.30597006 0.04989322 245.96854399
0.15068009 0.59672780 0.78816968 6.23913350
-0.27092899 -0.74182090 0.61343233 249.22010516
0.00000000 0.00000000 0.00000000 1.00000000
95	95	96
0.95066005 -0.30625182 0.04955090 246.01765351
0.15090339 0.59603322 0.78865237 6.12799952
-0.27106020 -0.74226291 0.61283941 249.31128648
0.00000000 0.00000000 0.00000000 1.00000000
96	96	97
0.95055229 -0.30681133 0.04813690 246.20577613
0.15176806 0.59413595 0.78991704 5.78073828
-0.27095536 -0.74355180 0.61132145 249.46295524
0.00000000 0.00000000 0.00000000 1.00000000
97	97	98
0.95050532 -0.30695151 0.04817054 246.20858841
0.15188641 0.59427451 0.78979005 5.76998338
-0.27105378 -0.74338320 0.61148285 249.46270961
0.00000000 0.00000000 0.00000000 1.00000000
98	98	99
0.95070827 -0.30634333 0.04803702 246.18864186
0.15168968 0.59457107 0.78960463 5.83175785
-0.27045154 -0.74339693 0.61173276 249.30235362
0.00000000 0.00000000 0.00000000 1.00000000
99	99	100
0.95067760 -0.30655701 0.04727461 246.29314554
0.15243003 0.59446409 0.78954261 5.68054681
-0.27014288 -0.74339440 0.61187220 249.21398879
0.00000000 0.00000000 0.00000000 1.00000000
100	100	101
0.95101193 -0.30580167 0.04540537 246.48823422
0.15368092 0.59506031 0.78885068 5.51242312
-0.26825079 -0.74322847 0.61290534 248.67287369
0.00000000 0.00000000 0.00000000 1.00000000
101	101	102
0.95105402 -0.30567993 0.04534341 246.48818314
0.15372338 0.59526638 0.78868692 5.52678135
-0.26807717 -0.74311353 0.61312064 248.60622345
0.00000000 0.00000000 0.00000000 1.00000000
102	102	103
0.95139133 -0.30458967 0.04560345 246.39030104
0.15307299 0.59613041 0.78816064 5.74328302
-0.26725119 -0.74286854 0.61377776 248.33955216
0.00000000 0.00000000 0.00000000 1.00000000
103	103	104
0.95146533 -0.30445122 0.04497969 246.46648228
0.15342724 0.59594191 0.78823431 5.65440854
-0.26678418 -0.74307651 0.61372918 248.24666850
0.00000000 0.00000000 0.00000000 1.00000000
104	104	105
0.95154851 -0.30408442 0.04569564 246.34671059
0.15290488 0.59683739 0.78765806 5.85967402
-0.26678741 -0.74250777 0.61441572 248.15256813
0.00000000 0.00000000 0.00000000 1.00000000
105	105	106
0.95155228 -0.30407590 0.04567388 246.34808879
0.15310728 0.59736682 0.78721728 5.88581024
-0.26665786 -0.74208539 0.61498200 248.04563816
0.00000000 0.00000000 0.00000000 1.00000000
106	106	107
0.95157522 -0.30392089 0.04622431 246.26019391
0.15240199 0.59696739 0.78765701 5.96524388
-0.26697983 -0.74247022 0.61437753 248.19946886
0.00000000 0.00000000 0.00000000 1.00000000
107	107	108
0.95172634 -0.30341214 0.04645482 246.19730843
0.15184029 0.59690466 0.78781302 6.05781434
-0.26676114 -0.74272869 0.61416007 248.18281950
0.00000000 0.00000000 0.00000000 1.00000000
108	108	109
0.95176675 -0.30326788 0.04656872 246.17378067
0.15166949 0.59696652 0.78779905 6.09687934
-0.26671412 -0.74273789 0.61416937 248.17163142
0.00000000 0.00000000 0.00000000 1.00000000
109	109	110
0.95190013 -0.30288620 0.04632599 246.18781751
0.15159980 0.59694030 0.78783233 6.10598777
-0.26627739 -0.74291469 0.61414503 248.08336033
0.00000000 0.00000000 0.00000000 1.00000000
110	110	111
0.95201116 -0.30257321 0.04608911 246.20497650
0.15175407 0.59742191 0.78743747 6.13739933
-0.26579212 -0.74265505 0.61466904 247.90606862
0.00000000 0.00000000 0.00000000 1.00000000
111	111	112
0.95210540 -0.30233246 0.04572075 246.24540709
0.15197276 0.59764252 0.78722786 6.12704055
-0.26532920 -0.74257559 0.61496497 247.76689568
0.00000000 0.00000000 0.00000000 1.00000000
112	112	113
0.95202874 -0.30261808 0.04542658 246.30674223
0.15255344 0.59803940 0.78681404 6.07653145
-0.26527104 -0.74213960 0.61551612 247.67352077
0.00000000 0.00000000 0.00000000 1.00000000
113	113	114
0.95201905 -0.30270961 0.04501812 246.37155534
0.15302942 0.59825123 0.78656053 6.02427349
-0.26503157 -0.74193150 0.61587004 247.57322717
0.00000000 0.00000000 0.00000000 1.00000000
114	114	115
0.95239008 -0.30155499 0.04491903 246.32534799
0.15224759 0.59804809 0.78686667 6.12919452
-0.26414731 -0.74256520 0.61548609 247.45462854
0.00000000 0.00000000 0.00000000 1.00000000
115	115	116
0.95242539 -0.30147893 0.04468034 246.35966548
0.15234355 0.59790978 0.78695320 6.09813459
-0.26396462 -0.74270745 0.61539282 247.43283473
0.00000000 0.00000000 0.00000000 1.00000000
116	116	117
0.95261062 -0.30083739 0.04505401 246.27641741
0.15161449 0.59796260 0.78705386 6.21849746
-0.26371585 -0.74292503 0.61523683 247.40959980
0.00000000 0.00000000 0.00000000 1.00000000
117	117	118
0.95286527 -0.29994672 0.04560429 246.15652307
0.15062020 0.59815857 0.78709585 6.39461981
-0.26336542 -0.74312737 0.61514256 247.35728345
0.00000000 0.00000000 0.00000000 1.00000000
118	118	119
0.95240437 -0.30144912 0.04532486 246.26967046
0.15128193 0.59648044 0.78824163 6.08594504
-0.26465013 -0.74386794 0.61369438 247.80333242
0.00000000 0.00000000 0.00000000 1.00000000
119	119	120
0.95253529 -0.30108129 0.04501757 246.29922862
0.15117291 0.59616442 0.78850158 6.05697734
-0.26424094 -0.74427014 0.61338298 247.78258475
0.00000000 0.00000000 0.00000000 1.00000000
120	120	121
0.95240130 -0.30161468 0.04427579 246.43757438
0.15219079 0.59627671 0.78822081 5.92895591
-0.26413959 -0.74396416 0.61379770 247.70358092
0.00000000 0.00000000 0.00000000 1.00000000
121	121	122
0.95259884 -0.30094682 0.04456978 246.36565936
0.15160155 0.59658676 0.78809974 6.04477525
-0.26376586 -0.74398605 0.61393186 247.61999515
0.00000000 0.00000000 0.00000000 1.00000000
122	122	123
0.95226527 -0.30206216 0.04415095 246.47708007
0.15250985 0.59602383 0.78835039 5.85213329
-0.26444584 -0.74398525 0.61364024 247.77516956
0.00000000 0.00000000 0.00000000 1.00000000
123	123	124
0.95240562 -0.30159031 0.04434876 246.42875003
0.15201934 0.59601078 0.78845499 5.91048029
-0.26422272 -0.74418710 0.61349158 247.76306047
0.00000000 0.00000000 0.00000000 1.00000000
124	124	125
0.95252463 -0.30125203 0.04409144 246.45348250
0.15201595 0.59605152 0.78842484 5.91607787
-0.26379535 -0.74429147 0.61354887 247.68762755
0.00000000 0.00000000 0.00000000 1.00000000
125	125	126
0.95257930 -0.30104983 0.04429092 246.41537068
0.15182738 0.59637459 0.78821684 5.97873963
-0.26370652 -0.74411447 0.61380169 247.63554020
0.00000000 0.00000000 0.00000000 1.00000000
126	126	127
0.95255384 -0.30117164 0.04400934 246.46142400
0.15217478 0.59646282 0.78808308 5.95011379
-0.26359821 -0.74399446 0.61399368 247.59005011
0.00000000 0.00000000 0.00000000 1.00000000
127	127	128
0.95258202 -0.30131297 0.04240273 246.71152615
0.15345939 0.59606383 0.78813585 5.76365124
-0.26275029 -0.74425695 0.61403899 247.46547830
0.00000000 0.00000000 0.00000000 1.00000000
128	128	129
0.95235210 -0.30207433 0.04214954 246.77786226
0.15408459 0.59576925 0.78823660 5.66113517
-0.26321744 -0.74418419 0.61392709 247.54722741
0.00000000 0.00000000 0.00000000 1.00000000
129	129	130
0.95181418 -0.30351607 0.04390621 246.55220033
0.15372318 0.59607202 0.78807825 5.73413041
-0.26536568 -0.74335466 0.61400726 247.81550475
0.00000000 0.00000000 0.00000000 1.00000000
130	130	131
0.95157384 -0.30403758 0.04547933 246.32770546
0.15282259 0.59619885 0.78815747 5.83411843
-0.26674421 -0.74303976 0.61379104 248.01917221
0.00000000 0.00000000 0.00000000 1.00000000
131	131	132
0.95149164 -0.30430146 0.04543426 246.33809734
0.15311447 0.59640475 0.78794500 5.83475365
-0.26687003 -0.74276645 0.61406710 247.99245240
0.00000000 0.00000000 0.00000000 1.00000000
132	132	133
0.95128294 -0.30501515 0.04501687 246.42734334
0.15379007 0.59596318 0.78814751 5.72092678
-0.26722533 -0.74282814 0.61383791 248.06998676
0.00000000 0.00000000 0.00000000 1.00000000
133	133	134
0.95146327 -0.30452590 0.04451550 246.49688577
0.15390226 0.59605167 0.78805869 5.72077943
-0.26651782 -0.74295786 0.61398849 247.96650522
0.00000000 0.00000000 0.00000000 1.00000000
134	134	135
0.95150532 -0.30455616 0.04339562 246.67496813
0.15502915 0.59655126 0.78745956 5.70713831
-0.26571337 -0.74254437 0.61483678 247.74831462
0.00000000 0.00000000 0.00000000 1.00000000
135	135	136
0.95153469 -0.30419940 0.04521576 246.37592385
0.15335132 0.59675513 0.78763360 5.84583225
-0.26658040 -0.74252680 0.61448258 247.89026205
0.00000000 0.00000000 0.00000000 1.00000000
136	136	137
0.95120706 -0.30533954 0.04441734 246.53286818
0.15437000 0.59557691 0.78832611 5.62207853
-0.26716108 -0.74300465 0.61365222 248.08043688
0.00000000 0.00000000 0.00000000 1.00000000
137	137	138
0.95123908 -0.30522293 0.04453293 246.50859132
0.15447648 0.59636145 0.78771190 5.71843919
-0.26698545 -0.74242305 0.61443208 247.94017961
0.00000000 0.00000000 0.00000000 1.00000000
138	138	139
0.95144818 -0.30463386 0.04409730 246.56498908
0.15455014 0.59668654 0.78745123 5.75717563
-0.26619658 -0.74240379 0.61479752 247.81428652
0.00000000 0.00000000 0.00000000 1.00000000
139	139	140
0.95115771 -0.30576779 0.04248616 246.84822554
0.15665560 0.59667104 0.78704682 5.65936658
-0.26600383 -0.74194995 0.61542850 247.69741900
0.00000000 0.00000000 0.00000000 1.00000000
140	140	141
0.95111900 -0.30589901 0.04240800 246.86406587
0.15674276 0.59648256 0.78717232 5.63200682
-0.26609087 -0.74204740 0.61527336 247.72797494
0.00000000 0.00000000 0.00000000 1.00000000
141	141	142
0.95071505 -0.30703843 0.04322388 246.75746897
0.15655541 0.59566658 0.78782722 5.53510212
-0.26764026 -0.74223226 0.61437770 247.98479936
0.00000000 0.00000000 0.00000000 1.00000000
142	142	143
0.95069540 -0.30711308 0.04312562 246.77757319
0.15677897 0.59591874 0.78759203 5.55925740
-0.26757918 -0.74199893 0.61468608 247.92948010
0.00000000 0.00000000 0.00000000 1.00000000
143	143	144
0.95126623 -0.30536699 0.04293683 246.77672251
0.15586464 0.59627200 0.78750614 5.63191879
-0.26608041 -0.74243566 0.61480933 247.81602759
0.00000000 0.00000000 0.00000000 1.00000000
144	144	145
0.95105128 -0.30599104 0.04325446 246.73246175
0.15595535 0.59606541 0.78764456 5.60294409
-0.26679467 -0.74234460 0.61460971 247.89043528
0.00000000 0.00000000 0.00000000 1.00000000
145	145	146
0.95116109 -0.30564554 0.04328264 246.72035668
0.15580139 0.59636134 0.78745100 5.64374346
-0.26649298 -0.74224926 0.61485570 247.83359741
0.00000000 0.00000000 0.00000000 1.00000000
146	146	147
0.95102793 -0.30615658 0.04259138 246.84361798
0.15694266 0.59696965 0.78676314 5.70970972
-0.26629847 -0.74154932 0.61578384 247.67118989
0.00000000 0.00000000 0.00000000 1.00000000
147	147	148
0.95099244 -0.30630063 0.04234740 246.88521377
0.15709140 0.59654614 0.78705463 5.65219552
-0.26633751 -0.74183059 0.61542806 247.73074844
0.00000000 0.00000000 0.00000000 1.00000000
148	148	149
0.95107201 -0.30611905 0.04187068 246.96733818
0.15715536 0.59597162 0.78747699 5.57344335
-0.26601545 -0.74236713 0.61492018 247.80423822
0.00000000 0.00000000 0.00000000 1.00000000
149	149	150
0.95104333 -0.30612634 0.04246473 246.86672994
0.15673246 0.59614996 0.78742629 5.59484044
-0.26636727 -0.74222091 0.61494438 247.81098831
0.00000000 0.00000000 0.00000000 1.00000000
150	150	151
0.95093323 -0.30648539 0.04234018 246.88950815
0.15704378 0.59604375 0.78744466 5.58019867
-0.26657689 -0.74215804 0.61492943 247.81866099
0.00000000 0.00000000 0.00000000 1.00000000
151	151	152
0.95088067 -0.30667763 0.04212816 246.92510856
0.15748176 0.59640699 0.78708207 5.63561633
-0.26650599 -0.74178671 0.61540802 247.73921284
0.00000000 0.00000000 0.00000000 1.00000000
152	152	153
0.95118267 -0.30566370 0.04267582 246.82933532
0.15659243 0.59713173 0.78670992 5.72013813
-0.26595175 -0.74162214 0.61584598 247.65445315
0.00000000 0.00000000 0.00000000 1.00000000
153	153	154
0.95101435 -0.30618244 0.04270866 246.82392994
0.15671384 0.59655332 0.78712446 5.64488230
-0.26648168 -0.74187361 0.61531379 247.75100168
0.00000000 0.00000000 0.00000000 1.00000000
154	154	155
0.95114377 -0.30568342 0.04339555 246.70628455
0.15610200 0.59738606 0.78661430 5.74589017
-0.26637885 -0.74140916 0.61591782 247.64861656
0.00000000 0.00000000 0.00000000 1.00000000
155	155	156
0.95112248 -0.30570973 0.04367587 246.65767472
0.15593980 0.59752943 0.78653757 5.76246683
-0.26654981 -0.74128276 0.61599599 247.63839364
0.00000000 0.00000000 0.00000000 1.00000000
156	156	157
0.95118989 -0.30548285 0.04379509 246.63992056
0.15567841 0.59751021 0.78660396 5.75299801
-0.26646204 -0.74139178 0.61590276 247.65427194
0.00000000 0.00000000 0.00000000 1.00000000
157	157	158
0.95100542 -0.30599845 0.04419991 246.57032522
0.15577820 0.59773301 0.78641491 5.78643071
-0.26706149 -0.74099946 0.61611522 247.62212420
0.00000000 0.00000000 0.00000000 1.00000000
158	158	159
0.95092435 -0.30625096 0.04419529 246.57013383
0.15595982 0.59774456 0.78637013 5.79251971
-0.26724411 -0.74088582 0.61617270 247.61239103
0.00000000 0.00000000 0.00000000 1.00000000
159	159	160
0.95077054 -0.30670372 0.04436455 246.53788917
0.15606249 0.59755418 0.78649444 5.77080614
-0.26773099 -0.74085210 0.61600186 247.64306860
0.00000000 0.00000000 0.00000000 1.00000000
160	160	161
0.95073948 -0.30679190 0.04442048 246.52978008
0.15619810 0.59788948 0.78621265 5.82049125
-0.26776221 -0.74054500 0.61635744 247.58148180
0.00000000 0.00000000 0.00000000 1.00000000
161	161	162
0.95070742 -0.30688476 0.04446499 246.52030566
0.15618235 0.59777097 0.78630588 5.80281847
-0.26788518 -0.74060219 0.61623528 247.60207536
0.00000000 0.00000000 0.00000000 1.00000000
162	162	163
0.95070127 -0.30691789 0.04436796 246.53902495
0.15631251 0.59784593 0.78622303 5.81795767
-0.26783111 -0.74052796 0.61634799 247.58189128
0.00000000 0.00000000 0.00000000 1.00000000
163	163	164
0.95062946 -0.30713313 0.04441702 246.52958898
0.15632293 0.59757746 0.78642502 5.78051964
-0.26807979 -0.74065540 0.61608669 247.62800148
0.00000000 0.00000000 0.00000000 1.00000000
164	164	165
0.95060790 -0.30715351 0.04473640 246.47130395
0.15614457 0.59777580 0.78630972 5.80456980
-0.26826013 -0.74048688 0.61621075 247.60494757
0.00000000 0.00000000 0.00000000 1.00000000
165	165	166
0.95071621 -0.30679738 0.04487830 246.44698848
0.15590307 0.59810994 0.78610351 5.84185239
-0.26801665 -0.74036468 0.61646347 247.55861465
0.00000000 0.00000000 0.00000000 1.00000000
166	166	167
0.95061321 -0.30715206 0.04463333 246.49124624
0.15632278 0.59803517 0.78607704 5.84754591
-0.26813748 -0.74027802 0.61651500 247.54793650
0.00000000 0.00000000 0.00000000 1.00000000
167	167	168
0.95033956 -0.30797195 0.04481075 246.44966994
0.15649325 0.59735351 0.78656128 5.75125891
-0.26900667 -0.74048772 0.61588420 247.66364316
0.00000000 0.00000000 0.00000000 1.00000000
168	168	169
0.95028882 -0.30812845 0.04481101 246.44887779
0.15668992 0.59759877 0.78633579 5.79740301
-0.26907143 -0.74022468 0.61617205 247.60930067
0.00000000 0.00000000 0.00000000 1.00000000
169	169	170
0.95015430 -0.30863576 0.04416759 246.57248409
0.15750877 0.59742523 0.78630406 5.80359196
-0.26906838 -0.74015340 0.61625899 247.58996907
0.00000000 0.00000000 0.00000000 1.00000000
170	170	171
0.94994340 -0.30920481 0.04472052 246.45937974
0.15709675 0.59647483 0.78710761 5.63702306
-0.27005212 -0.74068223 0.61519240 247.79916033
0.00000000 0.00000000 0.00000000 1.00000000
171	171	172
0.95010243 -0.30871040 0.04475776 246.45476405
0.15665101 0.59626955 0.78735194 5.58190950
-0.26975142 -0.74105365 0.61487695 247.86556728
0.00000000 0.00000000 0.00000000 1.00000000
172	172	173
0.95021162 -0.30831934 0.04513380 246.37653544
0.15607031 0.59626891 0.78746774 5.55467541
-0.26970341 -0.74121696 0.61470114 247.90171292
0.00000000 0.00000000 0.00000000 1.00000000
173	173	174
0.95011010 -0.30851051 0.04595722 246.19326394
0.15577717 0.59697587 0.78699002 5.65299034
-0.27023004 -0.74056808 0.61525170 247.77846609
0.00000000 0.00000000 0.00000000 1.00000000
174	174	175
0.95005534 -0.30875457 0.04544734 246.30312477
0.15638464 0.59702295 0.78683381 5.68858584
-0.27007164 -0.74042839 0.61548932 247.72572129
0.00000000 0.00000000 0.00000000 1.00000000
175	175	176
0.95016764 -0.30831819 0.04605813 246.17224666
0.15562406 0.59714805 0.78688967 5.67311153
-0.27011592 -0.74050935 0.61537248 247.75044882
0.00000000 0.00000000 0.00000000 1.00000000
176	176	177
0.95008132 -0.30865622 0.04557226 246.27769107
0.15620728 0.59700596 0.78688193 5.67705788
-0.27008291 -0.74048310 0.61541855 247.73836178
0.00000000 0.00000000 0.00000000 1.00000000
177	177	178
0.95011817 -0.30847218 0.04604757 246.17195370
0.15580716 0.59733542 0.78671121 5.71280592
-0.27018436 -0.74029407 0.61560141 247.69534078
0.00000000 0.00000000 0.00000000 1.00000000
178	178	179
0.95010443 -0.30844411 0.04651675 246.06875622
0.15553512 0.59770707 0.78648273 5.76528514
-0.27038935 -0.74000574 0.61585802 247.63530254
0.00000000 0.00000000 0.00000000 1.00000000
179	179	180
0.95016510 -0.30827984 0.04636608 246.10169991
0.15550691 0.59759812 0.78657110 5.73574069
-0.27019230 -0.74016216 0.61575652 247.65879690
0.00000000 0.00000000 0.00000000 1.00000000
180	180	181
0.94998232 -0.30885859 0.04625979 246.12027520
0.15612011 0.59794411 0.78618659 5.82745846
-0.27048125 -0.73964128 0.61625536 247.54563137
0.00000000 0.00000000 0.00000000 1.00000000
181	181	182
0.95000139 -0.30893321 0.04536114 246.33305945
0.15669617 0.59734397 0.78652812 5.74239669
-0.27008086 -0.74009489 0.61588626 247.62823754
0.00000000 0.00000000 0.00000000 1.00000000
182	182	183
0.95001598 -0.30874749 0.04631002 246.11493930
0.15585668 0.59754674 0.78654090 5.73993330
-0.27051493 -0.74000870 0.61579931 247.64833705
0.00000000 0.00000000 0.00000000 1.00000000
183	183	184
0.94996566 -0.30887720 0.04647717 246.07453687
0.15584943 0.59766093 0.78645557 5.76020099
-0.27069578 -0.73986235 0.61589569 247.62612707
0.00000000 0.00000000 0.00000000 1.00000000
184	184	185
0.94974686 -0.30958971 0.04620724 246.13503912
0.15641243 0.59724701 0.78665822 5.71004190
-0.27113843 -0.73989879 0.61565716 247.68432947
0.00000000 0.00000000 0.00000000 1.00000000
185	185	186
0.94988976 -0.30906405 0.04678518 246.00379538
0.15560827 0.59734724 0.78674160 5.69426786
-0.27110054 -0.74003763 0.61550695 247.71859106
0.00000000 0.00000000 0.00000000 1.00000000
186	186	187
0.94987828 -0.30918840 0.04619282 246.14315977
0.15593502 0.59666535 0.78719422 5.58092559
-0.27095298 -0.74053562 0.61497275 247.84147338
0.00000000 0.00000000 0.00000000 1.00000000
187	187	188
0.95034215 -0.30765143 0.04690835 245.97806045
0.15454642 0.59738165 0.78692475 5.66592710
-0.27012071 -0.74059825 0.61526339 247.76512959
0.00000000 0.00000000 0.00000000 1.00000000
188	188	189
0.95056083 -0.30698620 0.04683565 245.99804790
0.15408517 0.59720581 0.78714864 5.62103751
-0.26961429 -0.74101598 0.61498248 247.82142496
0.00000000 0.00000000 0.00000000 1.00000000
189	189	190
0.95050008 -0.30719469 0.04670140 246.02746161
0.15455402 0.59779474 0.78660950 5.73710326
-0.26956011 -0.74045451 0.61568212 247.66155779
0.00000000 0.00000000 0.00000000 1.00000000
190	190	191
0.95030223 -0.30799753 0.04542239 246.32380964
0.15591471 0.59710649 0.78686367 5.64059595
-0.26947408 -0.74067628 0.61545298 247.70869493
0.00000000 0.00000000 0.00000000 1.00000000
191	191	192
0.94979493 -0.30956317 0.04538990 246.33157115
0.15708612 0.59728819 0.78649270 5.69206742
-0.27058002 -0.73987666 0.61592937 247.63767678
0.00000000 0.00000000 0.00000000 1.00000000
192	192	193
0.94982566 -0.30957609 0.04465273 246.50145087
0.15800690 0.59811396 0.78568028 5.85499652
-0.26993525 -0.73920385 0.61701915 247.36482614
0.00000000 0.00000000 0.00000000 1.00000000
193	193	194
0.94998228 -0.30922413 0.04375057 246.70773209
0.15847774 0.59802518 0.78565303 5.84216597
-0.26910682 -0.73942296 0.61711847 247.30753502
0.00000000 0.00000000 0.00000000 1.00000000
194	194	195
0.95018453 -0.30849563 0.04449490 246.53095100
0.15681881 0.59653814 0.78711505 5.56488062
-0.26936446 -0.74092691 0.61519924 247.75358466
0.00000000 0.00000000 0.00000000 1.00000000
195	195	196
0.95011743 -0.30865815 0.04479975 246.46173406
0.15663045 0.59640738 0.78725163 5.54067427
-0.26971053 -0.74096449 0.61500232 247.81713548
0.00000000 0.00000000 0.00000000 1.00000000
196	196	197
0.95056421 -0.30719916 0.04534715 246.32017603
0.15480287 0.59538313 0.78838760 5.35702697
-0.26919094 -0.74239316 0.61350520 248.13699925
0.00000000 0.00000000 0.00000000 1.00000000
197	197	198
0.95036003 -0.30790453 0.04483991 246.44458067
0.15556672 0.59499605 0.78852945 5.27749365
-0.26947136 -0.74241128 0.61336016 248.18392878
0.00000000 0.00000000 0.00000000 1.00000000
198	198	199
0.95040292 -0.30799863 0.04325653 246.80662175
0.15672005 0.59437482 0.78876954 5.14888936
-0.26865053 -0.74286972 0.61316513 248.17753872
0.00000000 0.00000000 0.00000000 1.00000000
199	199	200
0.94988657 -0.30941958 0.04444120 246.55168380
0.15633312 0.59333884 0.78962584 4.96127483
-0.27069439 -0.74310735 0.61197713 248.57395188
0.00000000 0.00000000 0.00000000 1.00000000
200	200	201
0.94979117 -0.30976286 0.04408747 246.63327826
0.15670542 0.59290847 0.78987528 4.87390781
-0.27081386 -0.74330782 0.61168075 248.64886031
0.00000000 0.00000000 0.00000000 1.00000000
201	201	202
0.95005976 -0.30893561 0.04410483 246.62302720
0.15645979 0.59382950 0.78923182 5.04832424
-0.27001256 -0.74291676 0.61250951 248.40380477
0.00000000 0.00000000 0.00000000 1.00000000
202	202	203
0.95010829 -0.30893623 0.04304230 246.86611292
0.15727298 0.59363705 0.78921496 4.99207119
-0.26936860 -0.74307029 0.61260681 248.33778705
0.00000000 0.00000000 0.00000000 1.00000000
203	203	204
0.95018699 -0.30861446 0.04360963 246.73494606
0.15643285 0.59322735 0.78968986 4.94327778
-0.26958013 -0.74353105 0.61195435 248.50182339
0.00000000 0.00000000 0.00000000 1.00000000
204	204	205
0.95083442 -0.30643442 0.04485375 246.41227134
0.15470756 0.59543712 0.78836553 5.40599878
-0.26828992 -0.74266586 0.61356983 248.03104311
0.00000000 0.00000000 0.00000000 1.00000000
205	205	206
0.95071621 -0.30687604 0.04433727 246.54046285
0.15548120 0.59555563 0.78812378 5.39848961
-0.26826161 -0.74238844 0.61391784 247.95006740
0.00000000 0.00000000 0.00000000 1.00000000
206	206	207
0.95056204 -0.30735035 0.04435736 246.54460503
0.15555426 0.59490487 0.78860070 5.27242489
-0.26876511 -0.74271391 0.61330364 248.12966332
0.00000000 0.00000000 0.00000000 1.00000000
207	207	208
0.95121466 -0.30522796 0.04501745 246.34622910
0.15369550 0.59529703 0.78866922 5.42202824
-0.26752265 -0.74327474 0.61316743 248.04941608
0.00000000 0.00000000 0.00000000 1.00000000
208	208	209
0.95098000 -0.30598165 0.04485830 246.39780870
0.15428844 0.59514526 0.78866799 5.36508844
-0.26801514 -0.74308637 0.61318067 248.09560044
0.00000000 0.00000000 0.00000000 1.00000000
209	209	210
0.95047589 -0.30758544 0.04457336 246.49669512
0.15540957 0.59455559 0.78889259 5.20055810
-0.26915321 -0.74289626 0.61291247 248.27066573
0.00000000 0.00000000 0.00000000 1.00000000
210	210	211
0.95033662 -0.30800937 0.04461546 246.49398372
0.15570245 0.59465883 0.78875701 5.20201783
-0.26947553 -0.74263793 0.61308388 248.26869805
0.00000000 0.00000000 0.00000000 1.00000000
211	211	212
0.95038879 -0.30794867 0.04391778 246.64955606
0.15626029 0.59471523 0.78860416 5.17456562
-0.26896817 -0.74261794 0.61333084 248.15729690
0.00000000 0.00000000 0.00000000 1.00000000
212	212	213
0.95130498 -0.30514686 0.04363756 246.63549627
0.15485330 0.59549051 0.78829658 5.41058111
-0.26653198 -0.74315304 0.61374609 247.78571073
0.00000000 0.00000000 0.00000000 1.00000000
213	213	214
0.95166268 -0.30418763 0.04252084 246.86015798
0.15509633 0.59541780 0.78830373 5.37720010
-0.26510991 -0.74360442 0.61381529 247.59922056
0.00000000 0.00000000 0.00000000 1.00000000
214	214	215
0.95214962 -0.30268890 0.04231461 246.86410910
0.15430411 0.59558987 0.78832922 5.47346621
-0.26382065 -0.74407805 0.61379681 247.43903698
0.00000000 0.00000000 0.00000000 1.00000000
215	215	216
0.95243244 -0.30194513 0.04125035 247.07116594
0.15486150 0.59611219 0.78782497 5.51927166
-0.26246975 -0.74396196 0.61451626 247.10700787
0.00000000 0.00000000 0.00000000 1.00000000
216	216	217
0.95222588 -0.30269386 0.04052529 247.25664319
0.15593780 0.59601243 0.78768813 5.41030096
-0.26258194 -0.74373760 0.61473988 247.07333545
0.00000000 0.00000000 0.00000000 1.00000000
217	217	218
0.95181746 -0.30378648 0.04192020 246.97952096
0.15567016 0.59640381 0.78744479 5.50666850
-0.26421645 -0.74297797 0.61495805 247.25517716
0.00000000 0.00000000 0.00000000 1.00000000
218	218	219
0.95162661 -0.30444595 0.04146641 247.10142170
0.15641382 0.59616928 0.78747502 5.39328507
-0.26446458 -0.74289626 0.61495011 247.29671416
0.00000000 0.00000000 0.00000000 1.00000000
219	219	220
0.95120393 -0.30572324 0.04176581 247.08466197
0.15712545 0.59640390 0.78715563 5.36303436
-0.26556106 -0.74218305 0.61533864 247.37569814
0.00000000 0.00000000 0.00000000 1.00000000
220	220	221
0.95139888 -0.30522705 0.04094660 247.24671510
0.15746089 0.59639828 0.78709285 5.32587538
-0.26466251 -0.74239177 0.61547398 247.20776715
0.00000000 0.00000000 0.00000000 1.00000000
221	221	222
0.95173806 -0.30418830 0.04079388 247.23748486
0.15692392 0.59653566 0.78709598 5.40866931
-0.26376040 -0.74270767 0.61548011 247.06730837
0.00000000 0.00000000 0.00000000 1.00000000
222	222	223
0.95159351 -0.30477781 0.03975267 247.48201706
0.15753911 0.59470387 0.78835825 5.01481533
-0.26391516 -0.74393400 0.61393077 247.42521879
0.00000000 0.00000000 0.00000000 1.00000000
223	223	224
0.95145944 -0.30520805 0.03966074 247.52761023
0.15767874 0.59405416 0.78882005 4.88076676
-0.26431485 -0.74427663 0.61334326 247.61834445
0.00000000 0.00000000 0.00000000 1.00000000
224	224	225
0.95086420 -0.30684207 0.04129426 247.24456959
0.15735909 0.59382540 0.78905609 4.87899613
-0.26663718 -0.74378716 0.61293170 248.10710948
0.00000000 0.00000000 0.00000000 1.00000000
225	225	226
0.95128884 -0.30570266 0.03994289 247.47969018
0.15779244 0.59408124 0.78877692 4.86793771
-0.26486052 -0.74405199 0.61338042 247.69393404
0.00000000 0.00000000 0.00000000 1.00000000
226	226	227
0.95140059 -0.30533647 0.04008194 247.43136960
0.15686749 0.59250803 0.79014355 4.71101907
-0.26500852 -0.74545548 0.61160985 248.09572714
0.00000000 0.00000000 0.00000000 1.00000000
227	227	228
0.95140689 -0.30505476 0.04202996 247.00233799
0.15533431 0.59328394 0.78986418 5.05550730
-0.26588753 -0.74495353 0.61183990 248.21143635
0.00000000 0.00000000 0.00000000 1.00000000
228	228	229
0.95157526 -0.30443343 0.04271779 246.82431175
0.15442801 0.59353132 0.78985604 5.22983754
-0.26581293 -0.74501064 0.61180277 248.20868410
0.00000000 0.00000000 0.00000000 1.00000000
229	229	230
0.95143113 -0.30496315 0.04214593 246.96972715
0.15551632 0.59423855 0.78911040 5.19696269
-0.26569433 -0.74422982 0.61280380 247.97606148
0.00000000 0.00000000 0.00000000 1.00000000
230	230	231
0.95112040 -0.30581737 0.04296183 246.83872089
0.15571541 0.59505335 0.78845686 5.31239501
-0.26668838 -0.74322758 0.61358786 248.00766120
0.00000000 0.00000000 0.00000000 1.00000000
231	231	232
0.95153859 -0.30460475 0.04231150 246.90639369
0.15555250 0.59541075 0.78821917 5.40160517
-0.26528802 -0.74343929 0.61393833 247.65642158
0.00000000 0.00000000 0.00000000 1.00000000
232	232	233
0.95141216 -0.30513059 0.04135486 247.13615541
0.15670150 0.59540170 0.78799838 5.21593840
-0.26506516 -0.74323088 0.61428684 247.53716792
0.00000000 0.00000000 0.00000000 1.00000000
233	233	234
0.95132229 -0.30540106 0.04142576 247.13721697
0.15683030 0.59540827 0.78796780 5.19330908
-0.26531144 -0.74311451 0.61432130 247.58240970
0.00000000 0.00000000 0.00000000 1.00000000
234	234	235
0.95114683 -0.30592668 0.04157608 247.13671646
0.15699326 0.59520560 0.78808846 5.13125781
-0.26584360 -0.74306067 0.61415634 247.72859569
0.00000000 0.00000000 0.00000000 1.00000000
235	235	236
0.95116932 -0.30583007 0.04177189 247.09063106
0.15675823 0.59518706 0.78814924 5.16791149
-0.26590182 -0.74311529 0.61406506 247.76093388
0.00000000 0.00000000 0.00000000 1.00000000
236	236	237
0.95116718 -0.30576295 0.04230849 246.97384343
0.15647799 0.59577432 0.78776113 5.31866424
-0.26607448 -0.74267219 0.61452616 247.70659561
0.00000000 0.00000000 0.00000000 1.00000000
237	237	238
0.95095494 -0.30643699 0.04220265 247.02669856
0.15695021 0.59555836 0.78783048 5.20099240
-0.26655455 -0.74256758 0.61444452 247.82982194
0.00000000 0.00000000 0.00000000 1.00000000
238	238	239
0.95081399 -0.30678830 0.04282164 246.90905596
0.15653756 0.59516760 0.78820779 5.20848246
-0.26729899 -0.74273580 0.61391757 248.10703787
0.00000000 0.00000000 0.00000000 1.00000000
239	239	240
0.95085031 -0.30678330 0.04204388 247.06232079
0.15686261 0.59428717 0.78880725 5.00406140
-0.26697903 -0.74344251 0.61320097 248.19116723
0.00000000 0.00000000 0.00000000 1.00000000
240	240	241
0.95132727 -0.30536904 0.04154728 247.07582415
0.15637831 0.59448571 0.78875381 5.12042774
-0.26556025 -0.74386591 0.61330356 247.86113604
0.00000000 0.00000000 0.00000000 1.00000000
241	241	242
0.95146698 -0.30494381 0.04147124 247.06728352
0.15619815 0.59461872 0.78868924 5.17822159
-0.26516548 -0.74393404 0.61339173 247.75645291
0.00000000 0.00000000 0.00000000 1.00000000
242	242	243
0.95147960 -0.30500743 0.04070671 247.22412296
0.15658478 0.59380218 0.78922758 4.97314901
-0.26489201 -0.74455990 0.61275018 247.82716161
0.00000000 0.00000000 0.00000000 1.00000000
243	243	244
0.95175939 -0.30425489 0.03978734 247.35702025
0.15669652 0.59341482 0.78949671 4.89407920
-0.26381864 -0.74517637 0.61246380 247.64614238
0.00000000 0.00000000 0.00000000 1.00000000
244	244	245
0.95172283 -0.30424115 0.04075512 247.17184190
0.15568260 0.59284645 0.79012405 4.98766219
-0.26454977 -0.74563423 0.61159056 247.98581898
0.00000000 0.00000000 0.00000000 1.00000000
245	245	246
0.95177648 -0.30373130 0.04322996 246.66041219
0.15333804 0.59300819 0.79046109 5.43939120
-0.26572350 -0.74571348 0.61098481 248.36881511
0.00000000 0.00000000 0.00000000 1.00000000
246	246	247
0.95187145 -0.30345521 0.04307750 246.67485989
0.15339685 0.59334547 0.79019653 5.48634859
-0.26534910 -0.74555757 0.61133769 248.21524629
0.00000000 0.00000000 0.00000000 1.00000000
247	247	248
0.95174713 -0.30377493 0.04356819 246.60271368
0.15325139 0.59346955 0.79013157 5.53406465
-0.26587855 -0.74532857 0.61138687 248.32734440
0.00000000 0.00000000 0.00000000 1.00000000
248	248	249
0.95164294 -0.30410239 0.04355973 246.62615894
0.15354827 0.59365666 0.78993335 5.50833141
-0.26608014 -0.74504597 0.61164357 248.32573989
0.00000000 0.00000000 0.00000000 1.00000000
249	249	250
0.95168083 -0.30393725 0.04388324 246.55506218
0.15291236 0.59294318 0.79059231 5.51585790
-0.26631072 -0.74568126 0.61076842 248.53717608
0.00000000 0.00000000 0.00000000 1.00000000
250	250	251
0.95197136 -0.30289428 0.04478374 246.33725524
0.15154892 0.59320640 0.79065738 5.80814142
-0.26605160 -0.74589626 0.61061880 248.50174607
0.00000000 0.00000000 0.00000000 1.00000000
251	251	252
0.95234534 -0.30186189 0.04379222 246.45123666
0.15167237 0.59321140 0.79062995 5.78636070
-0.26463910 -0.74631068 0.61072622 248.16641163
0.00000000 0.00000000 0.00000000 1.00000000
252	252	253
0.95203470 -0.30289927 0.04338167 246.58317842
0.15278140 0.59338869 0.79028330 5.61333828
-0.26511843 -0.74574921 0.61120400 248.19361241
0.00000000 0.00000000 0.00000000 1.00000000
253	253	254
0.95221061 -0.30231827 0.04357316 246.52039623
0.15232578 0.59366614 0.79016288 5.73586714
-0.26474858 -0.74576416 0.61134606 248.08807964
0.00000000 0.00000000 0.00000000 1.00000000
254	254	255
0.95202151 -0.30294439 0.04335603 246.59127377
0.15291095 0.59360687 0.79009437 5.62142516
-0.26509110 -0.74555723 0.61145003 248.14830414
0.00000000 0.00000000 0.00000000 1.00000000
255	255	256
0.95215320 -0.30246515 0.04380764 246.49220190
0.15225125 0.59372279 0.79013468 5.75704307
-0.26499780 -0.74565950 0.61136575 248.14299028
0.00000000 0.00000000 0.00000000 1.00000000
256	256	257
0.95196421 -0.30300624 0.04417414 246.46931425
0.15246081 0.59413104 0.78978732 5.76964289
-0.26555571 -0.74511444 0.61178807 248.20035249
0.00000000 0.00000000 0.00000000 1.00000000
257	257	258
0.95190210 -0.30322949 0.04398037 246.51373437
0.15278528 0.59416361 0.78970011 5.71586506
-0.26559190 -0.74499763 0.61191459 248.18973774
0.00000000 0.00000000 0.00000000 1.00000000
258	258	259
0.95186657 -0.30335608 0.04387614 246.53520978
0.15285345 0.59387036 0.78990747 5.66574045
-0.26567997 -0.74517990 0.61165437 248.24675873
0.00000000 0.00000000 0.00000000 1.00000000
259	259	260
0.95174212 -0.30372070 0.04405308 246.52948660
0.15307174 0.59419720 0.78961936 5.66542722
-0.26599996 -0.74477072 0.61201356 248.26367954
0.00000000 0.00000000 0.00000000 1.00000000
260	260	261
0.95182513 -0.30359764 0.04309742 246.66458849
0.15385017 0.59439247 0.78932105 5.55268267
-0.26525279 -0.74466506 0.61246624 248.03870683
0.00000000 0.00000000 0.00000000 1.00000000
261	261	262
0.95175589 -0.30380996 0.04313049 246.67157112
0.15423566 0.59514446 0.78867891 5.58302844
-0.26527738 -0.74397754 0.61329058 247.92469893
0.00000000 0.00000000 0.00000000 1.00000000
262	262	263
0.95155627 -0.30441414 0.04327463 246.68424456
0.15460556 0.59535850 0.78844491 5.54477700
-0.26577770 -0.74355920 0.61358124 247.98790786
0.00000000 0.00000000 0.00000000 1.00000000
263	263	264
0.95176056 -0.30377158 0.04329735 246.64634920
0.15428447 0.59574241 0.78821779 5.64849699
-0.26523223 -0.74351449 0.61387137 247.83356859
0.00000000 0.00000000 0.00000000 1.00000000
264	264	265
0.95166925 -0.30404100 0.04341327 246.64368715
0.15464240 0.59649746 0.78757635 5.68251045
-0.26535141 -0.74279866 0.61468592 247.74092047
0.00000000 0.00000000 0.00000000 1.00000000
265	265	266
0.95164786 -0.30397076 0.04436356 246.49800965
0.15404116 0.59714934 0.78720009 5.86454782
-0.26577748 -0.74230347 0.61509990 247.76641035
0.00000000 0.00000000 0.00000000 1.00000000
266	266	267
0.95145148 -0.30446815 0.04515770 246.41198822
0.15369207 0.59705729 0.78733813 5.90570302
-0.26668112 -0.74217365 0.61486539 247.97662145
0.00000000 0.00000000 0.00000000 1.00000000
267	267	268
0.95162505 -0.30395608 0.04494960 246.41849490
0.15341114 0.59677237 0.78760889 5.91125914
-0.26622318 -0.74261258 0.61453378 247.93837342
0.00000000 0.00000000 0.00000000 1.00000000
268	268	269
0.95132897 -0.30493312 0.04459796 246.51822598
0.15405058 0.59587863 0.78816057 5.69893260
-0.26691123 -0.74292964 0.61385173 248.17000354
0.00000000 0.00000000 0.00000000 1.00000000
269	269	270
0.95098240 -0.30603995 0.04440745 246.60086952
0.15482082 0.59547435 0.78831517 5.53403285
-0.26769943 -0.74279866 0.61366699 248.34220542
0.00000000 0.00000000 0.00000000 1.00000000
270	270	271
0.95109430 -0.30575393 0.04397916 246.65162932
0.15491012 0.59528018 0.78844427 5.49552280
-0.26724985 -0.74307204 0.61353196 248.28204720
0.00000000 0.00000000 0.00000000 1.00000000
271	271	272
0.95112857 -0.30567903 0.04375809 246.68004301
0.15533130 0.59608478 0.78775321 5.54188112
-0.26688317 -0.74245759 0.61443479 248.07840134
0.00000000 0.00000000 0.00000000 1.00000000
272	272	273
0.95191752 -0.30330965 0.04308464 246.67480703
0.15435661 0.59633725 0.78775372 5.70103904
-0.26462629 -0.74322617 0.61448172 247.69154209
0.00000000 0.00000000 0.00000000 1.00000000
273	273	274
0.95213442 -0.30268897 0.04265482 246.71453507
0.15434880 0.59650939 0.78762491 5.72155711
-0.26384937 -0.74334107 0.61467680 247.53221347
0.00000000 0.00000000 0.00000000 1.00000000
274	274	275
0.95200936 -0.30316065 0.04209276 246.81917254
0.15503878 0.59623421 0.78769775 5.59996874
-0.26389610 -0.74336962 0.61462220 247.54670995
0.00000000 0.00000000 0.00000000 1.00000000
275	275	276
0.95237696 -0.30193765 0.04256504 246.70014835
0.15363881 0.59574505 0.78834190 5.70550954
-0.26338801 -0.74425902 0.61376320 247.59992600
0.00000000 0.00000000 0.00000000 1.00000000
276	276	277
0.95222082 -0.30243052 0.04255931 246.72078880
0.15405391 0.59595336 0.78810341 5.68469993
-0.26370989 -0.74389205 0.61406980 247.60103607
0.00000000 0.00000000 0.00000000 1.00000000
277	277	278
0.95214271 -0.30259624 0.04312521 246.64169013
0.15361287 0.59571161 0.78837222 5.70024232
-0.26424866 -0.74401827 0.61368514 247.73593507
0.00000000 0.00000000 0.00000000 1.00000000
278	278	279
0.95219948 -0.30249524 0.04257684 246.72257454
0.15394893 0.59557348 0.78841103 5.64380849
-0.26384823 -0.74416991 0.61367357 247.68028700
0.00000000 0.00000000 0.00000000 1.00000000
279	279	280
0.95247838 -0.30162616 0.04250402 246.69706386
0.15358138 0.59604115 0.78812925 5.73941803
-0.26305454 -0.74414824 0.61404047 247.51762530
0.00000000 0.00000000 0.00000000 1.00000000
280	280	281
0.95252018 -0.30141975 0.04302825 246.60522507
0.15328960 0.59684094 0.78758059 5.86860384
-0.26307337 -0.74359063 0.61470756 247.41744956
0.00000000 0.00000000 0.00000000 1.00000000
281	281	282
0.95261327 -0.30114428 0.04289610 246.61680925
0.15306958 0.59644187 0.78792563 5.83532011
-0.26286432 -0.74402233 0.61427447 247.45872858
0.00000000 0.00000000 0.00000000 1.00000000
282	282	283
0.95267295 -0.30090508 0.04324784 246.55340925
0.15282770 0.59704288 0.78751730 5.93235805
-0.26278877 -0.74363696 0.61477324 247.37023041
0.00000000 0.00000000 0.00000000 1.00000000
283	283	284
0.95273711 -0.30093161 0.04161933 246.81451944
0.15422076 0.59712529 0.78718317 5.82856036
-0.26174026 -0.74356005 0.61531332 247.16217876
0.00000000 0.00000000 0.00000000 1.00000000
284	284	285
0.95250411 -0.30166499 0.04164324 246.82780270
0.15477264 0.59732371 0.78692428 5.81216261
-0.26226200 -0.74310337 0.61564277 247.16631220
0.00000000 0.00000000 0.00000000 1.00000000
285	285	286
0.95163489 -0.30401283 0.04435342 246.50953603
0.15399571 0.59691845 0.78738408 5.82428446
-0.26585024 -0.74247193 0.61486510 247.76081342
0.00000000 0.00000000 0.00000000 1.00000000
286	286	287
0.95122907 -0.30524468 0.04459752 246.50091722
0.15449906 0.59653145 0.78757874 5.73978176
-0.26700804 -0.74227752 0.61459807 247.91705401
0.00000000 0.00000000 0.00000000 1.00000000
287	287	288
0.95137883 -0.30482150 0.04429650 246.53912310
0.15459825 0.59692154 0.78726365 5.78587531
-0.26641642 -0.74213781 0.61502339 247.79606791
0.00000000 0.00000000 0.00000000 1.00000000
288	288	289
0.95135161 -0.30496439 0.04389566 246.60585041
0.15491165 0.59659746 0.78744768 5.72780956
-0.26633155 -0.74233967 0.61481649 247.82175881
0.00000000 0.00000000 0.00000000 1.00000000
289	289	290
0.95118274 -0.30548379 0.04394366 246.60819034
0.15525626 0.59667589 0.78732038 5.72344493
-0.26673374 -0.74206303 0.61497608 247.82932455
0.00000000 0.00000000 0.00000000 1.00000000
290	290	291
0.95118699 -0.30554040 0.04345549 246.68758295
0.15571022 0.59670673 0.78720734 5.70633045
-0.26645383 -0.74201492 0.61515544 247.77679304
0.00000000 0.00000000 0.00000000 1.00000000
291	291	292
0.95112376 -0.30580684 0.04296249 246.77541046
0.15613401 0.59624138 0.78747596 5.62968293
-0.26643155 -0.74227919 0.61484618 247.82718583
0.00000000 0.00000000 0.00000000 1.00000000
292	292	293
0.95092537 -0.30641471 0.04302294 246.77646227
0.15649380 0.59622148 0.78741960 5.61342596
-0.26692815 -0.74204445 0.61491414 247.84852264
0.00000000 0.00000000 0.00000000 1.00000000
293	293	294
0.95096789 -0.30626428 0.04315398 246.74909411
0.15630953 0.59629782 0.78739840 5.62795527
-0.26688462 -0.74204522 0.61493210 247.84257370
0.00000000 0.00000000 0.00000000 1.00000000
294	294	295
0.95102070 -0.30612319 0.04299106 246.77572817
0.15643317 0.59653588 0.78719350 5.65678781
-0.26662389 -0.74191208 0.61520579 247.78267179
0.00000000 0.00000000 0.00000000 1.00000000
295	295	296
0.95089082 -0.30662192 0.04230415 246.89383632
0.15739698 0.59668290 0.78688989 5.66789520
-0.26651986 -0.74158783 0.61564166 247.70807405
0.00000000 0.00000000 0.00000000 1.00000000
296	296	297
0.95110602 -0.30594429 0.04237246 246.87840701
0.15703568 0.59713064 0.78662239 5.72965732
-0.26596452 -0.74150731 0.61597872 247.62503178
0.00000000 0.00000000 0.00000000 1.00000000
297	297	298
0.95106211 -0.30612831 0.04202756 246.93724614
0.15732113 0.59677857 0.78683251 5.68108507
-0.26595285 -0.74171477 0.61573394 247.66696767
0.00000000 0.00000000 0.00000000 1.00000000
298	298	299
0.95103976 -0.30619241 0.04206652 246.93197405
0.15729411 0.59667036 0.78691997 5.66404411
-0.26604877 -0.74177536 0.61561950 247.68983629
0.00000000 0.00000000 0.00000000 1.00000000
299	299	300
0.95087443 -0.30659384 0.04287235 246.79691966
0.15695823 0.59682399 0.78687054 5.68233459
-0.26683691 -0.74148590 0.61562709 247.71190940
0.00000000 0.00000000 0.00000000 1.00000000
300	300	301
0.95106711 -0.30602587 0.04265587 246.83284740
0.15677177 0.59689231 0.78685588 5.69125348
-0.26625922 -0.74166551 0.61566086 247.69212690
0.00000000 0.00000000 0.00000000 1.00000000
301	301	302
0.95123543 -0.30549398 0.04271506 246.82291137
0.15653807 0.59739579 0.78652025 5.75470874
-0.26579500 -0.74147940 0.61608548 247.61155275
0.00000000 0.00000000 0.00000000 1.00000000
302	302	303
0.95112262 -0.30574464 0.04342797 246.70131232
0.15605540 0.59721394 0.78675423 5.72073159
-0.26648168 -0.74152257 0.61573679 247.67948821
0.00000000 0.00000000 0.00000000 1.00000000
303	303	304
0.95113273 -0.30574655 0.04319229 246.73941497
0.15641307 0.59766330 0.78634187 5.79132647
-0.26623576 -0.74115965 0.61627989 247.58783876
0.00000000 0.00000000 0.00000000 1.00000000
304	304	305
0.95116712 -0.30558077 0.04360614 246.67158236
0.15596032 0.59767268 0.78642466 5.78081346
-0.26637845 -0.74122045 0.61614508 247.60996613
0.00000000 0.00000000 0.00000000 1.00000000
305	305	306
0.95126260 -0.30518535 0.04428722 246.55651936
0.15516577 0.59778475 0.78649665 5.77394482
-0.26650148 -0.74129299 0.61600460 247.63469197
0.00000000 0.00000000 0.00000000 1.00000000
306	306	307
0.95132603 -0.30497521 0.04437232 246.54313545
0.15494500 0.59776791 0.78655297 5.76492024
-0.26640351 -0.74139305 0.61592656 247.64756133
0.00000000 0.00000000 0.00000000 1.00000000
307	307	308
0.95116753 -0.30548105 0.04429061 246.55921070
0.15526397 0.59750078 0.78669303 5.73938865
-0.26678349 -0.74140013 0.61575354 247.67743728
0.00000000 0.00000000 0.00000000 1.00000000
308	308	309
0.95115879 -0.30553313 0.04411869 246.58810487
0.15539213 0.59736234 0.78677285 5.72386479
-0.26674001 -0.74149022 0.61566389 247.69115153
0.00000000 0.00000000 0.00000000 1.00000000
309	309	310
0.95115595 -0.30557930 0.04385942 246.63274926
0.15561105 0.59728655 0.78678712 5.71772452
-0.26662250 -0.74153224 0.61566417 247.68781642
0.00000000 0.00000000 0.00000000 1.00000000
310	310	311
0.95122262 -0.30536077 0.04393542 246.61987249
0.15535427 0.59716450 0.78693050 5.68480594
-0.26653438 -0.74172054 0.61547548 247.71485889
0.00000000 0.00000000 0.00000000 1.00000000
311	311	312
0.95123995 -0.30524817 0.04434085 246.55132333
0.15510710 0.59762487 0.78662971 5.73512953
-0.26661648 -0.74139602 0.61583081 247.65166441
0.00000000 0.00000000 0.00000000 1.00000000
312	312	313
0.95125711 -0.30532067 0.04346497 246.70610987
0.15592875 0.59775750 0.78636645 5.78490143
-0.26607544 -0.74125924 0.61622934 247.58845855
0.00000000 0.00000000 0.00000000 1.00000000
313	313	314
0.95121697 -0.30546161 0.04335296 246.72334756
0.15616354 0.59788379 0.78622384 5.81196255
-0.26608123 -0.74109930 0.61641918 247.55697488
0.00000000 0.00000000 0.00000000 1.00000000
314	314	315
0.95101555 -0.30608216 0.04339514 246.71157276
0.15649532 0.59771674 0.78628488 5.80290609
-0.26660578 -0.74097801 0.61633834 247.56676910
0.00000000 0.00000000 0.00000000 1.00000000
315	315	316
0.95105594 -0.30605856 0.04267041 246.83534278
0.15711777 0.59782682 0.78607703 5.84773581
-0.26609512 -0.74089895 0.61665398 247.52047985
0.00000000 0.00000000 0.00000000 1.00000000
316	316	317
0.95112214 -0.30584734 0.04270915 246.83187205
0.15698776 0.59795862 0.78600276 5.85624642
-0.26593516 -0.74087981 0.61674597 247.50493570
0.00000000 0.00000000 0.00000000 1.00000000
317	317	318
0.95113982 -0.30576343 0.04291573 246.79640251
0.15669513 0.59777982 0.78619713 5.81333788
-0.26604449 -0.74105871 0.61648383 247.54711354
0.00000000 0.00000000 0.00000000 1.00000000
318	318	319
0.95155746 -0.30455607 0.04223739 246.92898619
0.15600968 0.59661344 0.78721876 5.61385931
-0.26495165 -0.74249445 0.61522567 247.78897936
0.00000000 0.00000000 0.00000000 1.00000000
319	319	320
0.95146676 -0.30476571 0.04276519 246.83572175
0.15589436 0.59711025 0.78686485 5.67475953
-0.26534496 -0.74200890 0.61564181 247.70582070
0.00000000 0.00000000 0.00000000 1.00000000
320	320	321
0.95144726 -0.30479951 0.04295780 246.80041299
0.15580593 0.59724345 0.78678128 5.68480785
-0.26546681 -0.74188781 0.61573521 247.68444074
0.00000000 0.00000000 0.00000000 1.00000000
321	321	322
0.95132039 -0.30510548 0.04359092 246.68576998
0.15564190 0.59766035 0.78649711 5.73219933
-0.26601714 -0.74142616 0.61605368 247.60774464
0.00000000 0.00000000 0.00000000 1.00000000
322	322	323
0.95120749 -0.30538484 0.04409551 246.59017156
0.15549270 0.59787190 0.78636583 5.74801173
-0.26650767 -0.74114053 0.61618534 247.56146031
0.00000000 0.00000000 0.00000000 1.00000000
323	323	324
0.95093827 -0.30615007 0.04459296 246.48189585
0.15575575 0.59828252 0.78600138 5.82594095
-0.26731357 -0.74049319 0.61661438 247.45057525
0.00000000 0.00000000 0.00000000 1.00000000
324	324	325
0.95084825 -0.30637045 0.04499719 246.40586689
0.15580547 0.59892448 0.78550246 5.91884366
-0.26760467 -0.73988284 0.61722049 247.32842959
0.00000000 0.00000000 0.00000000 1.00000000
325	325	326
0.95096325 -0.30596026 0.04535664 246.34810284
0.15552432 0.59974983 0.78492823 6.00141491
-0.26735948 -0.73938384 0.61792431 247.21940860
0.00000000 0.00000000 0.00000000 1.00000000
326	326	327
0.95095218 -0.30596036 0.04558739 246.30012325
0.15525949 0.59954414 0.78513777 5.94475515
-0.26755268 -0.73955060 0.61764105 247.25789792
0.00000000 0.00000000 0.00000000 1.00000000
327	327	328
0.95080806 -0.30658874 0.04435519 246.50518181
0.15574389 0.59686962 0.78707718 5.63231613
-0.26778327 -0.74145128 0.61525777 247.65752085
0.00000000 0.00000000 0.00000000 1.00000000
328	328	329
0.95120678 -0.30525004 0.04503422 246.42469001
0.15440515 0.59726453 0.78704138 5.53420483
-0.26714175 -0.74168558 0.61525425 247.70421082
0.00000000 0.00000000 0.00000000 1.00000000
329	329	330
0.95119282 -0.30519203 0.04571702 246.30239547
0.15377986 0.59720779 0.78720684 5.45054934
-0.26755182 -0.74175514 0.61499215 247.71579720
0.00000000 0.00000000 0.00000000 1.00000000
330	330	331
0.95094315 -0.30592142 0.04603483 246.21831841
0.15400579 0.59717551 0.78718717 5.47760699
-0.26830829 -0.74148061 0.61499363 247.65157018
0.00000000 0.00000000 0.00000000 1.00000000
331	331	332
0.95076612 -0.30640366 0.04648198 246.12267430
0.15369770 0.59643384 0.78780942 5.33756244
-0.26911112 -0.74187834 0.61416263 247.72476797
0.00000000 0.00000000 0.00000000 1.00000000
332	332	333
0.95074683 -0.30633672 0.04731049 245.97610572
0.15326550 0.59726009 0.78726747 5.38759735
-0.26942560 -0.74124099 0.61479398 247.58451326
0.00000000 0.00000000 0.00000000 1.00000000
333	333	334
0.95043608 -0.30722026 0.04782230 245.85503025
0.15308510 0.59626381 0.78805737 5.22434631
-0.27062190 -0.74167727 0.61374148 247.64522355
0.00000000 0.00000000 0.00000000 1.00000000
334	334	335
0.95030279 -0.30756993 0.04822188 245.76799513
0.15263427 0.59528062 0.78888767 5.02542721
-0.27134367 -0.74232185 0.61264255 247.75608734
0.00000000 0.00000000 0.00000000 1.00000000
335	335	336
0.95045201 -0.30702355 0.04875982 245.69030858
0.15197827 0.59573165 0.78867383 4.98903739
-0.27118921 -0.74218619 0.61287525 247.73190927
0.00000000 0.00000000 0.00000000 1.00000000
336	336	337
0.95073732 -0.30609146 0.04905672 245.67277747
0.15092820 0.59527801 0.78921782 4.76065230
-0.27077523 -0.74293480 0.61215085 247.90687380
0.00000000 0.00000000 0.00000000 1.00000000
337	337	338
0.94990824 -0.30880200 0.04812141 245.73060024
0.15278693 0.59316673 0.79044885 4.77492132
-0.27263620 -0.74350155 0.61063487 247.93614712
0.00000000 0.00000000 0.00000000 1.00000000
338	338	339
0.94971727 -0.30922131 0.04918619 245.51897043
0.15216740 0.59311257 0.79060898 4.66390587
-0.27364609 -0.74337047 0.61034266 247.85257473
0.00000000 0.00000000 0.00000000 1.00000000
339	339	340
0.94944396 -0.31006512 0.04915070 245.48558337
0.15274902 0.59304507 0.79054745 4.75536030
-0.27426977 -0.74307278 0.61042521 247.75128492
0.00000000 0.00000000 0.00000000 1.00000000
340	340	341
0.94929865 -0.31051546 0.04911441 245.47388668
0.15303030 0.59289074 0.79060882 4.78649859
-0.27461573 -0.74300789 0.61034865 247.71373046
0.00000000 0.00000000 0.00000000 1.00000000
341	341	342
0.94935641 -0.31026996 0.04954764 245.40918762
0.15269790 0.59342186 0.79027454 4.79535170
-0.27460110 -0.74268637 0.61074642 247.64460374
0.00000000 0.00000000 0.00000000 1.00000000
342	342	343
0.94889188 -0.31175257 0.04913794 245.40400401
0.15408257 0.59349691 0.78994935 5.06377198
-0.27543196 -0.74200522 0.61120004 247.43757841
0.00000000 0.00000000 0.00000000 1.00000000
343	343	344
0.94869991 -0.31226917 0.04956258 245.30160320
0.15428551 0.59403998 0.78950141 5.17544921
-0.27597910 -0.74135313 0.61174428 247.25347050
0.00000000 0.00000000 0.00000000 1.00000000
344	344	345
0.94854903 -0.31263770 0.05012391 245.17987746
0.15422864 0.59446120 0.78919542 5.21813049
-0.27652896 -0.74086001 0.61209328 247.10396532
0.00000000 0.00000000 0.00000000 1.00000000
345	345	346
0.94843796 -0.31269803 0.05182068 244.86727667
0.15303243 0.59492640 0.78907772 5.03368562
-0.27757254 -0.74046102 0.61210372 246.92197539
0.00000000 0.00000000 0.00000000 1.00000000
346	346	347
0.94827673 -0.31300857 0.05288543 244.66395879
0.15252618 0.59536806 0.78884259 4.98336128
-0.27840079 -0.73997466 0.61231568 246.74362131
0.00000000 0.00000000 0.00000000 1.00000000
347	347	348
0.94703070 -0.31687235 0.05219928 244.55244962
0.15534427 0.59426882 0.78912149 5.44456137
-0.28107119 -0.73921342 0.61201512 246.30678654
0.00000000 0.00000000 0.00000000 1.00000000
348	348	349
0.94716352 -0.31654740 0.05175924 244.64752512
0.15521110 0.59354230 0.78969428 5.32128207
-0.28069696 -0.73993600 0.61131328 246.49836592
0.00000000 0.00000000 0.00000000 1.00000000
349	349	350
0.94699361 -0.31722347 0.05071861 244.79341921
0.15647634 0.59336239 0.78957978 5.58424721
-0.28056776 -0.73979074 0.61154835 246.48370112
0.00000000 0.00000000 0.00000000 1.00000000
350	350	351
0.94731000 -0.31626393 0.05080252 244.83680560
0.15569267 0.59322305 0.78983936 5.38296174
-0.27993492 -0.74031314 0.61120610 246.66698327
0.00000000 0.00000000 0.00000000 1.00000000
351	351	352
0.94748801 -0.31577739 0.05050853 244.92552239
0.15558501 0.59317558 0.78989622 5.35552059
-0.27939179 -0.74055883 0.61115698 246.78073384
0.00000000 0.00000000 0.00000000 1.00000000
352	352	353
0.94777271 -0.31492760 0.05047270 244.98861098
0.15488547 0.59279009 0.79032297 5.13808718
-0.27881423 -0.74122906 0.61060798 246.99388741
0.00000000 0.00000000 0.00000000 1.00000000
353	353	354
0.94751162 -0.31574229 0.05028459 244.96748332
0.15574786 0.59317639 0.78986352 5.39838685
-0.27922094 -0.74057314 0.61121771 246.80414434
0.00000000 0.00000000 0.00000000 1.00000000
354	354	355
0.94759300 -0.31548450 0.05036908 244.97281762
0.15547042 0.59309766 0.78997729 5.32032768
-0.27909937 -0.74074604 0.61106370 246.85618775
0.00000000 0.00000000 0.00000000 1.00000000
355	355	356
0.94710627 -0.31698566 0.05009805 244.91110173
0.15717529 0.59427525 0.78875399 5.89713178
-0.27979573 -0.73915967 0.61266413 246.43754875
0.00000000 0.00000000 0.00000000 1.00000000
356	356	357
0.94736302 -0.31634384 0.04929389 245.10232993
0.15758050 0.59474877 0.78831611 6.05949977
-0.27869643 -0.73905377 0.61329261 246.57418601
0.00000000 0.00000000 0.00000000 1.00000000
357	357	358
0.94721490 -0.31678122 0.04933148 245.06798882
0.15809079 0.59538281 0.78773511 6.26941057
-0.27891080 -0.73835558 0.61403567 246.40420404
0.00000000 0.00000000 0.00000000 1.00000000
358	358	359
0.94728749 -0.31659842 0.04911063 245.11885710
0.15807614 0.59519228 0.78788203 6.24161735
-0.27867248 -0.73858757 0.61386485 246.48949357
0.00000000 0.00000000 0.00000000 1.00000000
359	359	360
0.94699964 -0.31752687 0.04866582 245.12595191
0.15928630 0.59571607 0.78724218 6.62572571
-0.27896155 -0.73776626 0.61472058 246.28154386
0.00000000 0.00000000 0.00000000 1.00000000
360	360	361
0.94740339 -0.31637761 0.04829098 245.28462843
0.15891144 0.59600610 0.78709839 6.56286535
-0.27780203 -0.73802570 0.61493423 246.51489589
0.00000000 0.00000000 0.00000000 1.00000000
361	361	362
0.94759265 -0.31577727 0.04850653 245.29386931
0.15833833 0.59606305 0.78717077 6.41642731
-0.27748358 -0.73823679 0.61482461 246.60970969
0.00000000 0.00000000 0.00000000 1.00000000
362	362	363
0.94749728 -0.31603604 0.04868384 245.23914685
0.15839000 0.59611597 0.78712030 6.43955786
-0.27777960 -0.73808331 0.61487521 246.53193864
0.00000000 0.00000000 0.00000000 1.00000000
363	363	364
0.94749118 -0.31591451 0.04958324 245.09374973
0.15763452 0.59631719 0.78711954 6.25922574
-0.27822982 -0.73797279 0.61480430 246.43941554
0.00000000 0.00000000 0.00000000 1.00000000
364	364	365
0.94740605 -0.31608682 0.05010892 244.98361008
0.15711793 0.59578997 0.78762191 6.05033322
-0.27881130 -0.73832475 0.61411793 246.41998998
0.00000000 0.00000000 0.00000000 1.00000000
365	365	366
0.94737263 -0.31606166 0.05089327 244.84746157
0.15648205 0.59587893 0.78768120 5.88921655
-0.27928205 -0.73826373 0.61397737 246.33070208
0.00000000 0.00000000 0.00000000 1.00000000
366	366	367
0.94739144 -0.31600846 0.05087354 244.85570099
0.15640019 0.59571636 0.78782041 5.84267539
-0.27926411 -0.73841768 0.61380037 246.36162244
0.00000000 0.00000000 0.00000000 1.00000000
367	367	368
0.94754692 -0.31544114 0.05149480 244.79594531
0.15468160 0.59357310 0.78977502 5.10735931
-0.27969347 -0.74038359 0.61123130 246.68337587
0.00000000 0.00000000 0.00000000 1.00000000
368	368	369
0.94745300 -0.31568540 0.05172554 244.73461053
0.15463876 0.59352393 0.78982036 5.08968763
-0.28003511 -0.74031890 0.61115323 246.61370861
0.00000000 0.00000000 0.00000000 1.00000000
369	369	370
0.94753499 -0.31530503 0.05253744 244.62803108
0.15365471 0.59340374 0.79010267 4.80177566
-0.28029926 -0.74057730 0.61071891 246.61822313
0.00000000 0.00000000 0.00000000 1.00000000
370	370	371
0.94751833 -0.31539795 0.05227959 244.66767577
0.15392594 0.59338346 0.79006511 4.87382133
-0.28020676 -0.74055398 0.61078963 246.62824536
0.00000000 0.00000000 0.00000000 1.00000000
371	371	372
0.94739427 -0.31579870 0.05210836 244.66417847
0.15397641 0.59241168 0.79078421 4.77441707
-0.28059823 -0.74116097 0.60987297 246.67751014
0.00000000 0.00000000 0.00000000 1.00000000
372	372	373
0.94738960 -0.31581207 0.05211227 244.66279815
0.15373019 0.59174565 0.79133060 4.62862722
-0.28074896 -0.74168715 0.60916352 246.75116811
0.00000000 0.00000000 0.00000000 1.00000000
373	373	374
0.94621880 -0.31929196 0.05217876 244.37167737
0.15589404 0.59129577 0.79124356 5.17027286
-0.28349078 -0.74055517 0.60927088 246.06400507
0.00000000 0.00000000 0.00000000 1.00000000
374	374	375
0.94623210 -0.31927832 0.05202086 244.39913305
0.15597744 0.59119317 0.79130378 5.17952550
-0.28340052 -0.74064296 0.60920617 246.09472750
0.00000000 0.00000000 0.00000000 1.00000000
375	375	376
0.94621706 -0.31947658 0.05106844 244.53053427
0.15647079 0.59004273 0.79206469 5.19550041
-0.28317868 -0.74147440 0.60829725 246.27980801
0.00000000 0.00000000 0.00000000 1.00000000
376	376	377
0.94627465 -0.31946764 0.05004709 244.68433608
0.15714991 0.58959764 0.79226165 5.33690841
-0.28260960 -0.74183223 0.60812561 246.44546389
0.00000000 0.00000000 0.00000000 1.00000000
377	377	378
0.94641813 -0.31910055 0.04967452 244.77018656
0.15730649 0.58985167 0.79204146 5.40693614
-0.28204146 -0.74178827 0.60844291 246.54690045
0.00000000 0.00000000 0.00000000 1.00000000
378	378	379
0.94656307 -0.31868607 0.04957359 244.81675378
0.15735663 0.59051052 0.79154041 5.48127610
-0.28152663 -0.74144219 0.60910282 246.59438925
0.00000000 0.00000000 0.00000000 1.00000000
379	379	380
0.94684324 -0.31791132 0.04919622 244.93583449
0.15707694 0.59034356 0.79172048 5.38694494
-0.28073958 -0.74190759 0.60889935 246.81870200
0.00000000 0.00000000 0.00000000 1.00000000
380	380	381
0.94668035 -0.31820005 0.05044835 244.75441617
0.15638820 0.59076555 0.79154204 5.23664755
-0.28167187 -0.74144777 0.60902887 246.57179368
0.00000000 0.00000000 0.00000000 1.00000000
381	381	382
0.94687547 -0.31750374 0.05116847 244.72557425
0.15589178 0.59230262 0.79049058 5.22691035
-0.28129093 -0.74051940 0.61033305 246.52228139
0.00000000 0.00000000 0.00000000 1.00000000
382	382	383
0.94684161 -0.31758672 0.05128001 244.70498336
0.15574447 0.59200980 0.79073893 5.16528819
-0.28148645 -0.74071794 0.61000189 246.51140127
0.00000000 0.00000000 0.00000000 1.00000000
383	383	384
0.94692170 -0.31767100 0.04923844 244.91768741
0.15751669 0.59203543 0.79036861 5.65067750
-0.28022808 -0.74066132 0.61064968 246.76948697
0.00000000 0.00000000 0.00000000 1.00000000
384	384	385
0.94681975 -0.31803021 0.04887897 244.92420620
0.15793207 0.59168691 0.79054669 5.74041963
-0.28033878 -0.74078566 0.61044802 246.76756483
0.00000000 0.00000000 0.00000000 1.00000000
385	385	386
0.94643884 -0.31941370 0.04720612 244.97538981
0.16017935 0.59141726 0.79029627 6.32273847
-0.28034997 -0.74040564 0.61090374 246.72097712
0.00000000 0.00000000 0.00000000 1.00000000
386	386	387
0.94586855 -0.32079940 0.04919791 244.68100564
0.15885484 0.58980496 0.79176717 5.87938467
-0.28301561 -0.74109233 0.60883850 246.21998524
0.00000000 0.00000000 0.00000000 1.00000000
387	387	388
0.94591689 -0.32084150 0.04797876 244.78097884
0.15953832 0.58884434 0.79234454 6.02489019
-0.28246903 -0.74183763 0.60818432 246.41722341
0.00000000 0.00000000 0.00000000 1.00000000
388	388	389
0.94590967 -0.32098566 0.04714981 244.83639909
0.15991266 0.58774225 0.79308700 6.07174583
-0.28228149 -0.74264881 0.60728075 246.53835054
0.00000000 0.00000000 0.00000000 1.00000000
389	389	390
0.94593289 -0.32050231 0.04989225 244.66676831
0.15719460 0.58751505 0.79379841 5.35029037
-0.28372668 -0.74303723 0.60613104 246.25173022
0.00000000 0.00000000 0.00000000 1.00000000
390	390	391
0.94644443 -0.31940315 0.04716526 244.94972758
0.15847463 0.58684039 0.79404291 5.66905190
-0.28129829 -0.74404299 0.60602912 246.88373697
0.00000000 0.00000000 0.00000000 1.00000000
391	391	392
0.94682845 -0.31822335 0.04743190 245.03078663
0.15753806 0.58708667 0.79404723 5.42994769
-0.28053100 -0.74435418 0.60600265 247.08008549
0.00000000 0.00000000 0.00000000 1.00000000
392	392	393
0.94706586 -0.31756137 0.04712784 245.10137651
0.15737647 0.58718053 0.79400987 5.38998856
-0.27981941 -0.74456283 0.60607532 247.25833255
0.00000000 0.00000000 0.00000000 1.00000000
393	393	394
0.94740186 -0.31665587 0.04646263 245.21580679
0.15663435 0.58535712 0.79550155 5.15560034
-0.27909746 -0.74638201 0.60416761 247.53011008
0.00000000 0.00000000 0.00000000 1.00000000
394	394	395
0.94759658 -0.31649473 0.04349484 245.38082380
0.15905862 0.58547260 0.79493534 5.80554821
-0.27705789 -0.74635978 0.60513305 248.02228948
0.00000000 0.00000000 0.00000000 1.00000000
395	395	396
0.94766197 -0.31644149 0.04244499 245.43464807
0.15951893 0.58443512 0.79560625 5.91761875
-0.27656917 -0.74719501 0.60432534 248.18341958
0.00000000 0.00000000 0.00000000 1.00000000
396	396	397
0.94745382 -0.31748793 0.03914938 245.47906732
0.16262772 0.58343578 0.79571032 6.71466602
-0.27546957 -0.74753201 0.60441080 248.46477218
0.00000000 0.00000000 0.00000000 1.00000000
397	397	398
0.94761601 -0.31698206 0.03932256 245.51154059
0.16217628 0.58353743 0.79572792 6.60067860
-0.27517766 -0.74766734 0.60437638 248.54158918
0.00000000 0.00000000 0.00000000 1.00000000
398	398	399
0.94794328 -0.31625084 0.03726860 245.62846894
0.16362900 0.58415263 0.79497878 6.98560049
-0.27318326 -0.74749656 0.60549137 249.02915122
0.00000000 0.00000000 0.00000000 1.00000000
399	399	400
0.94807953 -0.31578132 0.03778048 245.65689511
0.16307440 0.58468239 0.79470324 6.84665182
-0.27304202 -0.74728085 0.60582125 249.05860160
0.00000000 0.00000000 0.00000000 1.00000000
400	400	401
0.94814060 -0.31560174 0.03774845 245.66890182
0.16241613 0.58313991 0.79597038 6.68686973
-0.27322227 -0.74856087 0.60415744 249.04810074
0.00000000 0.00000000 0.00000000 1.00000000
401	401	402
0.94821845 -0.31547042 0.03688077 245.69593197
0.16272723 0.58223826 0.79656667 6.77073225
-0.27276662 -0.74931770 0.60342469 249.17136055
0.00000000 0.00000000 0.00000000 1.00000000
402	402	403
0.94826592 -0.31527812 0.03730211 245.70404946
0.16245201 0.58281168 0.79620342 6.69345073
-0.27276563 -0.74895277 0.60387802 249.16958738
0.00000000 0.00000000 0.00000000 1.00000000
403	403	404
0.94817774 -0.31547057 0.03791159 245.69053145
0.16212685 0.58296605 0.79615669 6.61384144
-0.27326518 -0.74875156 0.60390168 249.04715640
0.00000000 0.00000000 0.00000000 1.00000000
404	404	405
0.94840452 -0.31473010 0.03839043 245.74243849
0.16139458 0.58343535 0.79596167 6.43098005
-0.27291143 -0.74869764 0.60412846 249.13157315
0.00000000 0.00000000 0.00000000 1.00000000
405	405	406
0.94862465 -0.31411600 0.03797914 245.78143543
0.16134144 0.58348339 0.79593723 6.42643409
-0.27217682 -0.74891806 0.60418666 249.31259762
0.00000000 0.00000000 0.00000000 1.00000000
406	406	407
0.94878028 -0.31370288 0.03750313 245.81013866
0.16148971 0.58356207 0.79584947 6.45766544
-0.27154568 -0.74902991 0.60433197 249.45952390
0.00000000 0.00000000 0.00000000 1.00000000
407	407	408
0.94895306 -0.31326041 0.03682392 245.82548094
0.16115588 0.58189029 0.79714018 6.41942372
-0.27113995 -0.75051422 0.60267033 249.53293138
0.00000000 0.00000000 0.00000000 1.00000000
408	408	409
0.94876727 -0.31371047 0.03776794 245.80797295
0.16065333 0.58185432 0.79726787 6.31075797
-0.27208672 -0.75035411 0.60244296 249.31492451
0.00000000 0.00000000 0.00000000 1.00000000
409	409	410
0.94891094 -0.31344840 0.03630593 245.79595893
0.16160389 0.58157479 0.79727972 6.52714520
-0.27102066 -0.75068027 0.60251716 249.55518351
0.00000000 0.00000000 0.00000000 1.00000000
410	410	411
0.94937697 -0.31203141 0.03632855 245.88931675
0.16084418 0.58217075 0.79699835 6.34732837
-0.26983794 -0.75080864 0.60288794 249.83077055
0.00000000 0.00000000 0.00000000 1.00000000
411	411	412
0.94978598 -0.31077711 0.03638917 245.97542229
0.16029293 0.58313340 0.79640544 6.19255578
-0.26872433 -0.75058179 0.60366730 250.10031114
0.00000000 0.00000000 0.00000000 1.00000000
412	412	413
0.94895754 -0.31318789 0.03732200 245.85471515
0.16161118 0.58444099 0.79517957 6.41300013
-0.27085312 -0.74856000 0.60522435 249.69986558
0.00000000 0.00000000 0.00000000 1.00000000
413	413	414
0.94921489 -0.31238254 0.03752658 245.91103239
0.16110649 0.58502846 0.79484992 6.28058993
-0.27025136 -0.74843760 0.60564458 249.84451068
0.00000000 0.00000000 0.00000000 1.00000000
414	414	415
0.94931265 -0.31210639 0.03735102 245.92234403
0.16105199 0.58498854 0.79489035 6.27271877
-0.26994028 -0.74858400 0.60560237 249.91061785
0.00000000 0.00000000 0.00000000 1.00000000
415	415	416
0.94923707 -0.31230039 0.03764902 245.92374990
0.16101137 0.58520314 0.79474060 6.25360923
-0.27023012 -0.74833532 0.60578043 249.85455135
0.00000000 0.00000000 0.00000000 1.00000000
416	416	417
0.94950143 -0.31153457 0.03732625 245.95170820
0.16103210 0.58595149 0.79418481 6.22294328
-0.26928740 -0.74806889 0.60652884 250.08928736
0.00000000 0.00000000 0.00000000 1.00000000
417	417	418
0.94970596 -0.31090547 0.03736818 245.98700517
0.16051607 0.58579991 0.79440107 6.13408143
-0.26887391 -0.74844923 0.60624299 250.16504521
0.00000000 0.00000000 0.00000000 1.00000000
418	418	419
0.94974757 -0.31063997 0.03850143 246.05266524
0.15950643 0.58612844 0.79436210 5.92151254
-0.26932740 -0.74830225 0.60622313 250.07060017
0.00000000 0.00000000 0.00000000 1.00000000
419	419	420
0.94986946 -0.31030161 0.03822204 246.05709329
0.15935335 0.58569000 0.79471614 5.91125808
-0.26898796 -0.74878577 0.60577664 250.11847118
0.00000000 0.00000000 0.00000000 1.00000000
420	420	421
0.94989590 -0.31018056 0.03854607 246.07791987
0.15909580 0.58595571 0.79457185 5.85252353
-0.26904703 -0.74862803 0.60594536 250.11736341
0.00000000 0.00000000 0.00000000 1.00000000
421	421	422
0.94975273 -0.31051946 0.03933711 246.09721175
0.15856526 0.58568317 0.79487879 5.76792065
-0.26986442 -0.74870080 0.60549179 249.93047630
0.00000000 0.00000000 0.00000000 1.00000000
422	422	423
0.94980037 -0.31009624 0.04146772 246.21225366
0.15646496 0.58559918 0.79535673 5.37309706
-0.27092060 -0.74894187 0.60472151 249.68105864
0.00000000 0.00000000 0.00000000 1.00000000
423	423	424
0.94985760 -0.30981718 0.04223572 246.25928546
0.15569917 0.58578150 0.79537274 5.22255581
-0.27116104 -0.74891478 0.60464729 249.63103931
0.00000000 0.00000000 0.00000000 1.00000000
424	424	425
0.95060291 -0.30753088 0.04217653 246.38163212
0.15447681 0.58653846 0.79505317 4.95769582
-0.26924156 -0.74926456 0.60507156 250.03284516
0.00000000 0.00000000 0.00000000 1.00000000
425	425	426
0.95064620 -0.30729872 0.04288708 246.42097734
0.15390791 0.58704499 0.79478962 4.82668778
-0.26941448 -0.74896307 0.60536779 250.01116552
0.00000000 0.00000000 0.00000000 1.00000000
426	426	427
0.95049297 -0.30787790 0.04212260 246.36296031
0.15479144 0.58663602 0.79491999 5.00207025
-0.26944893 -0.74904564 0.60525028 250.00008465
0.00000000 0.00000000 0.00000000 1.00000000
427	427	428
0.95054966 -0.30774785 0.04179241 246.35879530
0.15516363 0.58714795 0.79446934 5.04348017
-0.26903456 -0.74869790 0.60586456 250.10001982
0.00000000 0.00000000 0.00000000 1.00000000
428	428	429
0.95050617 -0.30784058 0.04209752 246.36023370
0.15505686 0.58738574 0.79431439 5.01026206
-0.26924968 -0.74847322 0.60604657 250.06565678
0.00000000 0.00000000 0.00000000 1.00000000
429	429	430
0.95057784 -0.30768842 0.04158847 246.35195762
0.15529178 0.58714210 0.79444863 5.06149140
-0.26886098 -0.74872692 0.60590575 250.13126785
0.00000000 0.00000000 0.00000000 1.00000000
430	430	431
0.95082381 -0.30689580 0.04182163 246.39975355
0.15491011 0.58811600 0.79380251 4.96292989
-0.26821063 -0.74828774 0.60673596 250.26905260
0.00000000 0.00000000 0.00000000 1.00000000
431	431	432
0.95066177 -0.30750909 0.04099215 246.34696892
0.15574314 0.58734947 0.79420695 5.12338216
-0.26830257 -0.74863794 0.60626312 250.24395220
0.00000000 0.00000000 0.00000000 1.00000000
432	432	433
0.95101206 -0.30638516 0.04128186 246.40451051
0.15505401 0.58822491 0.79369371 4.99189722
-0.26745899 -0.74841138 0.60691524 250.39494929
0.00000000 0.00000000 0.00000000 1.00000000
433	433	434
0.95094718 -0.30653767 0.04164277 246.40214757
0.15463697 0.58761280 0.79422830 4.94261174
-0.26793072 -0.74882965 0.60619079 250.30238050
0.00000000 0.00000000 0.00000000 1.00000000
434	434	435
0.95093880 -0.30647232 0.04230976 246.41593408
0.15400726 0.58753346 0.79440934 4.85295121
-0.26832287 -0.74891865 0.60590733 250.23582693
0.00000000 0.00000000 0.00000000 1.00000000
435	435	436
0.94986115 -0.30981103 0.04220103 246.27826052
0.15527367 0.58453728 0.79637068 5.09755745
-0.27139250 -0.74988886 0.60333475 249.74619196
0.00000000 0.00000000 0.00000000 1.00000000
436	436	437
0.95009099 -0.30918197 0.04163668 246.29888451
0.15542543 0.58482252 0.79613162 5.11407273
-0.27049961 -0.74992608 0.60368935 249.87636280
0.00000000 0.00000000 0.00000000 1.00000000
437	437	438
0.95024004 -0.30855598 0.04286108 246.33531918
0.15435385 0.58586559 0.79557300 4.95730844
-0.27058964 -0.74936955 0.60433974 249.87552019
0.00000000 0.00000000 0.00000000 1.00000000
438	438	439
0.95033945 -0.30820658 0.04316987 246.36176042
0.15412716 0.58660721 0.79507031 4.91963201
-0.27036966 -0.74893303 0.60497898 249.91318992
0.00000000 0.00000000 0.00000000 1.00000000
439	439	440
0.95038732 -0.30821740 0.04202347 246.35485182
0.15498236 0.58629868 0.79513164 5.02530162
-0.26971171 -0.74917013 0.60497909 249.99010255
0.00000000 0.00000000 0.00000000 1.00000000
440	440	441
0.95022330 -0.30878061 0.04159579 246.32889231
0.15544406 0.58553058 0.79560737 5.08666324
-0.27002373 -0.74953884 0.60438291 249.94485435
0.00000000 0.00000000 0.00000000 1.00000000
441	441	442
0.94982468 -0.31006870 0.04111539 246.28544635
0.15600633 0.58356480 0.79694049 5.16595194
-0.27109980 -0.75053949 0.60265693 249.81634672
0.00000000 0.00000000 0.00000000 1.00000000
442	442	443
0.94983848 -0.30983895 0.04250521 246.29176030
0.15527564 0.58519475 0.79588729 5.07124961
-0.27147071 -0.74936435 0.60395093 249.78996901
0.00000000 0.00000000 0.00000000 1.00000000
443	443	444
0.94964192 -0.31026391 0.04377828 246.28484170
0.15449163 0.58518356 0.79604808 4.99542585
-0.27260332 -0.74919725 0.60364801 249.67773911
0.00000000 0.00000000 0.00000000 1.00000000
444	444	445
0.94979972 -0.30985127 0.04327444 246.29612389
0.15453062 0.58489520 0.79625240 4.99806212
-0.27203083 -0.74959309 0.60341481 249.73406093
0.00000000 0.00000000 0.00000000 1.00000000
445	445	446
0.95017674 -0.30871389 0.04312651 246.31949845
0.15386338 0.58482849 0.79643060 4.93496054
-0.27109080 -0.75011424 0.60319019 249.82288947
0.00000000 0.00000000 0.00000000 1.00000000
446	446	447
0.94995744 -0.30948335 0.04243711 246.30781305
0.15477151 0.58430715 0.79663726 5.01113534
-0.27134228 -0.75020344 0.60296614 249.79818633
0.00000000 0.00000000 0.00000000 1.00000000
447	447	448
0.94980562 -0.30997586 0.04224038 246.30125417
0.15522739 0.58419349 0.79663192 5.04642026
-0.27161322 -0.75008861 0.60298701 249.77798222
0.00000000 0.00000000 0.00000000 1.00000000
448	448	449
0.94986301 -0.30988004 0.04164874 246.30784865
0.15581962 0.58463789 0.79619017 5.08901906
-0.27107287 -0.74978190 0.60361130 249.81243784
0.00000000 0.00000000 0.00000000 1.00000000
449	449	450
0.94995444 -0.30942224 0.04294703 246.30712843
0.15435162 0.58444233 0.79661957 4.98672335
-0.27159188 -0.75012335 0.60295341 249.78100197
0.00000000 0.00000000 0.00000000 1.00000000
450	450	451
0.95034413 -0.30820996 0.04304250 246.32605027
0.15345210 0.58443447 0.79679910 4.93079094
-0.27073694 -0.75062838 0.60270933 249.83493284
0.00000000 0.00000000 0.00000000 1.00000000
451	451	452
0.95077083 -0.30686366 0.04323807 246.34587648
0.15242388 0.58454986 0.79691180 4.87421287
-0.26981808 -0.75108998 0.60254630 249.89210248
0.00000000 0.00000000 0.00000000 1.00000000
452	452	453
0.95066466 -0.30708367 0.04400373 246.34234384
0.15215970 0.58518761 0.79649412 4.86309374
-0.27034078 -0.75050322 0.60304294 249.86217517
0.00000000 0.00000000 0.00000000 1.00000000
453	453	454
0.95027547 -0.30826104 0.04417774 246.32497756
0.15263983 0.58472561 0.79674151 4.88606191
-0.27143622 -0.75038063 0.60270332 249.81397675
0.00000000 0.00000000 0.00000000 1.00000000
454	454	455
0.95036357 -0.30786255 0.04505250 246.32097232
0.15118882 0.58348434 0.79792729 4.81706614
-0.27193936 -0.75150960 0.60106764 249.81137845
0.00000000 0.00000000 0.00000000 1.00000000
455	455	456
0.94999605 -0.30890136 0.04568859 246.30209217
0.15134701 0.58346902 0.79790851 4.82299399
-0.27313290 -0.75109510 0.60104456 249.76877998
0.00000000 0.00000000 0.00000000 1.00000000
456	456	457
0.94924102 -0.31118084 0.04591269 246.27449450
0.15238326 0.58262526 0.79832772 4.85409846
-0.27517419 -0.75080909 0.60047054 249.71066046
0.00000000 0.00000000 0.00000000 1.00000000
457	457	458
0.94928744 -0.31094767 0.04652851 246.27184174
0.15187968 0.58309196 0.79808291 4.84085715
-0.27529242 -0.75054334 0.60074851 249.70793345
0.00000000 0.00000000 0.00000000 1.00000000
458	458	459
0.94931800 -0.31086398 0.04646409 246.27496404
0.15207909 0.58364166 0.79764300 4.84545071
-0.27507686 -0.75015065 0.60133745 249.70415426
0.00000000 0.00000000 0.00000000 1.00000000
459	459	460
0.94929101 -0.31094733 0.04645795 246.27258081
0.15215477 0.58368087 0.79759988 4.84633492
-0.27512817 -0.75008560 0.60139512 249.70276304
0.00000000 0.00000000 0.00000000 1.00000000
460	460	461
0.94930634 -0.31088857 0.04653781 246.27204987
0.15208329 0.58377683 0.79754328 4.84460747
-0.27511479 -0.75003527 0.60146400 249.70177684
0.00000000 0.00000000 0.00000000 1.00000000
461	461	462
0.94940399 -0.31069601 0.04582631 246.27927017
0.15248745 0.58360250 0.79759369 4.85068799
-0.27455353 -0.75025070 0.60145179 249.71026808
0.00000000 0.00000000 0.00000000 1.00000000
462	462	463
0.94925486 -0.31121052 0.04542272 246.28098921
0.15332646 0.58402115 0.79712627 4.86417699
-0.27460191 -0.74971148 0.60210172 249.70653677
0.00000000 0.00000000 0.00000000 1.00000000
463	463	464
0.94929616 -0.31109361 0.04536032 246.28333179
0.15361046 0.58486907 0.79644962 4.86946389
-0.27430023 -0.74909875 0.60300120 249.70133353
0.00000000 0.00000000 0.00000000 1.00000000
464	464	465
0.94937006 -0.31086787 0.04536132 246.28129138
0.15346036 0.58487773 0.79647220 4.86687070
-0.27412844 -0.74918569 0.60297130 249.70261796
0.00000000 0.00000000 0.00000000 1.00000000
465	465	466
0.94936354 -0.31089214 0.04533150 246.28374816
0.15357148 0.58506826 0.79631083 4.87037447
-0.27408880 -0.74902685 0.60318664 249.70194692
0.00000000 0.00000000 0.00000000 1.00000000
466	466	467
0.94937958 -0.31081104 0.04555129 246.28122806
0.15336839 0.58516677 0.79627758 4.87139384
-0.27414696 -0.74898354 0.60321397 249.70310598
0.00000000 0.00000000 0.00000000 1.00000000
467	467	468
0.94939987 -0.31076073 0.04547156 246.28147024
0.15339745 0.58515631 0.79627968 4.87184223
-0.27406042 -0.74901260 0.60321722 249.70381501
0.00000000 0.00000000 0.00000000 1.00000000
468	468	469
0.94939919 -0.31074055 0.04562341 246.28100917
0.15327822 0.58521576 0.79625894 4.87132220
-0.27412948 -0.74897452 0.60323312 249.70291719
0.00000000 0.00000000 0.00000000 1.00000000
469	469	470
0.94940235 -0.31076589 0.04538447 246.28416258
0.15351349 0.58526429 0.79617794 4.87511753
-0.27398685 -0.74892608 0.60335805 249.70324970
0.00000000 0.00000000 0.00000000 1.00000000
470	470	471
0.94939061 -0.31076126 0.04566067 246.28221824
0.15330126 0.58532586 0.79617358 4.87254239
-0.27414628 -0.74887988 0.60334297 249.70092912
0.00000000 0.00000000 0.00000000 1.00000000
471	471	472
0.94939386 -0.31074756 0.04568639 246.28193057
0.15329075 0.58538134 0.79613481 4.87272017
-0.27414091 -0.74884220 0.60339218 249.70047931
0.00000000 0.00000000 0.00000000 1.00000000
472	472	473
0.94938768 -0.31073505 0.04589941 246.27993246
0.15312915 0.58545093 0.79611474 4.87141308
-0.27425260 -0.74879299 0.60340250 249.69926773
0.00000000 0.00000000 0.00000000 1.00000000
473	473	474
0.94938357 -0.31073825 0.04596275 246.27930233
0.15310518 0.58552459 0.79606517 4.87196674
-0.27428022 -0.74873406 0.60346306 249.69878115
0.00000000 0.00000000 0.00000000 1.00000000
474	474	475
0.94937565 -0.31073704 0.04613415 246.27682526
0.15298410 0.58558860 0.79604137 4.87109717
-0.27437517 -0.74868451 0.60348138 249.69816663
0.00000000 0.00000000 0.00000000 1.00000000
475	475	476
0.94937831 -0.31070460 0.04629761 246.27581850
0.15282939 0.58560027 0.79606250 4.86945321
-0.27445218 -0.74868884 0.60344099 249.69771858
0.00000000 0.00000000 0.00000000 1.00000000
476	476	477
0.94937850 -0.31070293 0.04630506 246.27592320
0.15285918 0.58570166 0.79598219 4.87045286
-0.27443494 -0.74861022 0.60354635 249.69691918
0.00000000 0.00000000 0.00000000 1.00000000
477	477	478
0.94938940 -0.31066885 0.04631013 246.27618758
0.15286506 0.58579215 0.79591446 4.87108674
-0.27439395 -0.74855355 0.60363528 249.69667557
0.00000000 0.00000000 0.00000000 1.00000000
478	478	479
0.94939521 -0.31065048 0.04631423 246.27616810
0.15287120 0.58585215 0.79586912 4.87146878
-0.27437042 -0.74851422 0.60369474 249.69625561
0.00000000 0.00000000 0.00000000 1.00000000
479	479	480
0.94940114 -0.31056975 0.04673219 246.26966671
0.15249792 0.58593853 0.79587714 4.86866231
-0.27455755 -0.74848010 0.60365196 249.69620678
0.00000000 0.00000000 0.00000000 1.00000000
480	480	481
0.94940636 -0.31051323 0.04700104 246.26363334
0.15230604 0.58613393 0.79576999 4.86437459
-0.27464601 -0.74835055 0.60377232 249.69336735
0.00000000 0.00000000 0.00000000 1.00000000
481	481	482
0.94947015 -0.31046085 0.04604893 246.27120445
0.15309191 0.58619774 0.79557217 4.87020620
-0.27398779 -0.74832230 0.60410630 249.69423626
0.00000000 0.00000000 0.00000000 1.00000000
482	482	483
0.94944583 -0.31048052 0.04641619 246.26537205
0.15275973 0.58609475 0.79571189 4.86533068
-0.27425732 -0.74839481 0.60389413 249.69373168
0.00000000 0.00000000 0.00000000 1.00000000
483	483	484
0.94943643 -0.31048432 0.04658276 246.26430003
0.15261671 0.58607842 0.79575136 4.86455388
-0.27436948 -0.74840602 0.60382930 249.69349745
0.00000000 0.00000000 0.00000000 1.00000000
484	484	485
0.94945414 -0.31035880 0.04705587 246.25797398
0.15218085 0.58620261 0.79574336 4.86321595
-0.27455023 -0.74836082 0.60380316 249.69288233
0.00000000 0.00000000 0.00000000 1.00000000
485	485	486
0.94950790 -0.31020490 0.04698590 246.25991638
0.15218599 0.58634050 0.79564078 4.86573762
-0.27436141 -0.74831660 0.60394377 249.69245596
0.00000000 0.00000000 0.00000000 1.00000000
486	486	487
0.94948254 -0.31014025 0.04791587 246.24258614
0.15150448 0.58672584 0.79548676 4.87157261
-0.27482594 -0.74804132 0.60407358 249.68989435
0.00000000 0.00000000 0.00000000 1.00000000
